0 36 29
1 104 9
1 60 17
1 151 6
1 88 11
1 128 8
0 33 28
0 38 25
0 48 21
1 75 14
0 36 28
1 108 9
1 113 9
0 46 22
0 37 24
0 33 27
1 116 8
0 35 28
0 62 15
1 91 11
1 131 8
1 66 15
1 80 12
1 102 9
0 35 29
0 31 30
1 128 7
0 35 30
0 55 17
0 56 16
0 31 29
0 34 27
0 34 29
0 47 22
1 90 11
0 41 24
1 56 18
0 37 27
1 81 11
0 35 26
0 37 25
1 71 13
0 68 13
0 50 20
1 116 9
1 106 9
1 123 8
1 146 7
0 35 27
1 105 9
1 73 13
0 64 14
0 63 15
0 31 31
0 32 32
0 46 20
0 33 30
1 157 6
1 81 12
1 94 11
1 84 12
0 42 22
1 54 19
1 62 16
1 67 14
1 83 11
1 83 12
0 49 18
1 88 10
0 36 27
1 126 8
0 49 19
0 40 23
0 39 26
0 32 31
0 54 18
1 77 12
0 51 18
0 63 14
1 130 7
0 33 29
0 40 24
1 99 10
1 135 7
0 45 22
1 129 8
1 86 12
0 44 21
0 33 31
0 34 30
1 89 11
1 74 13
0 42 21
1 110 9
1 74 12
0 40 25
0 58 17
0 45 21
0 44 22
0 45 23
1 101 10
1 78 13
0 41 23
0 50 18
0 52 19
0 42 23
0 41 22
1 58 18
0 40 22
0 32 29
0 39 24
1 159 6
0 48 19
1 115 9
0 52 17
0 38 26
1 76 13
1 110 8
0 41 25
0 34 26
1 57 18
0 52 18
0 44 20
0 69 13
1 61 17
1 52 20
0 55 16
1 68 14
1 69 15
1 59 17
1 95 11
1 96 10
1 73 14
0 39 25
1 131 7
0 30 30
0 42 24
1 124 8
1 121 8
0 51 19
0 56 17
1 87 12
0 57 17
0 43 24
0 36 25
1 117 8
1 84 11
0 47 19
1 148 7
0 47 21
0 60 16
1 125 8
0 32 28
1 87 11
0 45 20
0 39 23
0 55 18
0 40 26
0 48 20
0 38 27
1 158 6
1 42 25
0 43 21
1 112 9
1 92 11
1 82 11
1 145 7
0 57 16
0 32 30
0 37 28
0 49 20
0 58 16
1 85 11
1 127 7
1 72 13
0 53 18
0 54 17
1 136 7
1 63 16
1 69 14
0 47 20
0 65 14
1 140 7
1 149 7
1 137 7
0 46 21
0 43 22
1 101 9
1 104 10
1 65 15
1 50 21
0 36 26
1 142 7
1 161 6
1 94 10
0 38 24
1 70 14
1 147 7
1 75 13
1 68 15
1 70 15
1 115 8
0 50 19
0 51 20
0 37 26
1 150 7
1 155 6
0 66 14
1 67 15
1 113 8
1 126 7
1 107 9
1 100 9
1 138 7
1 132 7
1 80 13
1 133 7
1 78 12
1 129 7
0 44 23
1 61 16
1 112 8
1 105 10
1 90 10
0 43 23
0 34 28
1 119 8
0 59 15
1 70 13
1 152 6
1 98 10
1 77 13
1 120 8
1 71 14
1 93 10
1 153 6
0 60 15
1 64 16
1 95 10
1 111 8
0 53 17
1 147 6
0 59 16
1 55 19
1 65 16
1 76 12
1 160 6
0 53 19
1 149 6
1 102 10
1 80 11
1 91 10
1 79 12
0 61 15
0 49 21
1 85 12
1 86 11
1 103 9
1 82 12
1 154 6
1 118 8
1 64 15
1 89 10
1 93 11
1 75 12
1 79 13
1 156 6
1 144 7
1 97 10
1 74 14
1 111 9
1 72 14
1 100 10
1 130 8
1 114 8
1 122 8
1 143 7
1 99 9
1 98 9
1 103 10
1 141 7
1 114 9
1 162 6
1 92 10
1 109 9
1 127 8
1 139 7
1 134 7
1 148 6
1 150 6
