2 31 22 51 9 27 20
1 22 18 50 12 46 16
0 23 15 29 25 28 20
0 24 20 46 12 24 23
0 42 21 39 5 28 20
0 28 12 46 17 25 21
0 34 20 22 13 29 23
0 22 22 66 5 31 25
1 63 16 22 17 47 6
1 25 25 37 3 58 16
0 49 16 36 12 24 18
1 41 23 21 9 38 15
2 25 23 26 25 28 18
1 17 12 52 14 47 16
1 31 11 37 10 43 24
0 21 14 57 12 34 18
0 25 22 35 16 23 23
0 38 11 32 20 25 22
0 21 18 32 20 34 19
1 54 9 45 12 43 16
1 59 12 26 15 26 24
1 94 13 8 4 53 9
1 43 21 37 3 48 12
2 24 10 39 25 60 6
1 32 7 73 9 40 21
1 49 17 68 8 15 14
1 64 14 23 23 22 10
0 52 15 27 17 21 19
2 20 15 32 20 66 11
0 29 17 25 25 24 24
2 22 22 47 14 66 8
1 23 16 16 3 60 20
2 23 21 27 17 64 11
0 26 21 25 25 25 22
0 24 24 49 7 26 25
2 48 19 17 14 51 10
1 12 10 42 20 33 22
2 25 23 28 22 66 7
0 52 19 38 10 31 7
2 50 11 53 7 34 22
2 21 20 51 13 33 19
1 64 10 42 19 16 15
0 22 19 26 23 36 18
0 30 22 37 12 60 8
2 32 16 45 16 49 9
0 34 22 17 9 27 25
1 16 11 84 8 31 24
0 22 15 27 18 34 24
2 45 12 24 22 27 23
1 13 11 44 21 29 23
0 35 23 36 7 23 23
2 22 19 60 11 27 21
1 24 3 28 25 37 23
2 44 12 26 25 41 13
1 45 21 52 12 8 7
0 22 21 27 24 40 13
2 20 13 40 20 53 11
2 28 24 24 24 30 16
1 25 24 93 8 24 10
0 33 21 33 24 26 6
0 38 11 34 20 27 19
1 22 12 34 25 25 25
2 30 20 26 17 28 24
2 28 15 39 13 59 13
2 47 11 28 24 27 19
2 36 21 20 19 50 12
0 36 9 42 21 36 11
1 33 23 88 8 15 10
0 23 23 38 11 32 20
2 24 21 51 15 23 19
2 20 17 56 8 40 22
2 24 15 23 22 36 24
1 22 17 18 10 48 22
0 29 21 40 16 20 20
0 23 20 43 18 21 19
0 28 25 25 13 24 24
0 19 14 27 20 35 23
2 47 13 37 20 18 17
1 44 11 43 11 49 16
2 76 9 23 13 36 17
1 26 17 15 11 57 19
1 50 17 25 25 18 14
2 41 19 18 16 33 18
0 32 23 27 18 22 22
0 26 24 35 14 24 22
0 27 23 32 12 25 25
1 15 9 28 14 48 24
1 63 14 13 7 52 14
0 58 14 23 21 21 15
1 64 9 22 21 28 25
0 45 14 48 10 30 17
1 62 10 40 23 39 2
0 27 17 29 22 23 23
1 20 20 83 9 29 18
2 43 5 38 23 25 22
2 49 10 24 24 69 8
1 53 6 29 16 66 13
2 29 25 30 14 59 9
2 70 6 26 19 36 21
0 16 16 46 16 29 22
1 17 12 63 17 26 18
0 29 22 49 10 24 19
2 75 9 22 22 23 19
1 13 10 55 14 32 22
0 35 23 20 15 26 18
0 29 17 45 13 25 23
1 32 6 36 24 77 8
1 25 4 18 15 109 11
0 52 15 19 11 45 13
2 30 20 39 8 32 24
2 30 20 43 12 29 21
0 24 20 37 23 21 14
0 23 19 26 10 44 21
2 24 16 38 23 45 10
0 28 19 32 23 21 18
2 26 25 25 25 78 4
2 42 14 53 8 32 22
0 22 20 22 21 32 21
0 27 14 23 22 45 16
1 60 15 23 5 40 18
2 44 12 25 25 30 19
0 32 25 41 7 27 21
2 75 8 18 16 31 24
2 36 24 65 6 19 19
1 21 16 70 12 46 12
2 36 24 22 13 25 22
2 50 6 27 23 33 23
1 45 8 45 21 38 10
2 52 7 50 15 35 15
0 42 14 28 13 35 18
2 48 16 44 14 26 10
1 21 15 36 7 88 12
1 39 10 30 24 56 11
1 16 6 40 14 72 15
2 47 10 46 13 27 22
0 34 8 23 23 35 22
0 32 16 32 25 38 7
2 35 9 31 17 61 13
2 71 10 32 12 33 17
2 49 6 29 25 28 25
1 71 5 27 24 31 23
2 38 20 37 12 24 22
2 22 22 51 12 32 20
2 34 18 69 7 24 24
1 36 10 53 19 20 12
2 22 17 61 13 48 10
1 30 23 79 10 18 12
0 51 4 41 14 42 19
1 32 21 68 7 39 15
0 41 13 34 13 25 24
0 41 21 23 22 16 16
0 25 16 25 25 24 24
1 32 22 39 19 47 6
0 33 22 34 12 25 19
2 27 21 58 10 29 18
0 25 25 24 21 24 24
0 36 16 36 12 27 22
1 18 17 32 22 85 8
0 55 8 45 11 28 24
1 45 20 54 4 31 20
1 47 6 14 10 47 25
0 24 18 24 24 33 17
1 46 19 29 23 11 9
1 14 13 68 11 28 25
1 26 8 47 24 22 18
2 52 7 50 12 31 21
2 46 11 59 12 24 17
1 15 14 53 20 19 19
2 28 20 37 14 42 15
0 40 18 15 15 37 18
2 27 22 40 17 47 9
0 24 19 42 21 47 6
2 48 14 42 4 32 24
2 33 18 23 14 39 21
2 84 9 25 25 26 9
1 35 16 17 15 71 13
2 46 17 50 10 35 12
0 50 11 31 16 24 24
1 35 23 11 6 47 16
1 15 5 61 20 23 17
2 21 15 80 10 24 19
1 33 24 10 7 44 20
1 12 12 42 22 42 14
0 40 21 23 22 26 9
2 24 24 35 23 20 16
2 50 12 25 25 24 21
2 29 24 34 23 15 15
0 56 14 26 16 23 20
1 25 25 52 18 16 9
0 32 10 49 20 25 12
1 16 5 37 20 43 18
1 32 15 54 17 32 10
1 26 18 71 12 33 10
0 25 22 42 6 46 17
0 23 18 28 23 53 10
0 34 19 25 14 27 24
0 26 12 36 23 23 23
2 22 14 81 9 35 16
0 25 25 23 23 23 22
0 24 24 17 11 44 19
2 34 10 27 22 44 18
2 28 9 29 23 67 10
2 38 21 34 20 36 5
2 28 19 46 10 31 22
2 28 11 40 22 29 18
0 27 25 19 18 35 17
1 57 19 23 21 21 8
2 30 21 31 20 55 8
1 32 19 55 17 41 4
1 35 25 35 2 34 21
1 13 12 45 19 41 17
2 46 16 45 16 15 11
0 23 23 37 21 18 16
1 24 24 9 9 41 25
2 33 11 54 14 30 20
2 31 18 65 7 43 14
0 35 16 34 16 24 24
1 50 24 15 6 33 10
0 30 22 37 6 35 20
2 21 21 86 8 23 21
2 56 16 50 6 26 16
0 25 24 23 22 24 24
2 60 9 43 16 34 12
0 39 25 21 4 31 17
0 54 15 28 14 31 14
2 25 12 34 15 37 24
1 26 18 20 18 75 12
2 84 6 25 25 28 17
0 26 25 65 8 22 19
2 23 18 53 10 70 9
0 22 15 27 24 33 20
0 25 25 37 8 41 17
0 28 25 35 21 24 8
2 69 8 48 12 27 20
2 38 15 25 23 49 12
1 25 24 24 12 78 10
0 28 25 26 9 29 24
2 27 20 41 15 62 9
1 44 23 53 10 12 7
0 23 20 27 17 38 21
0 20 17 25 25 37 17
1 27 17 48 22 16 8
2 26 24 30 14 71 8
2 50 2 42 12 40 25
2 35 18 31 20 63 6
2 32 17 53 10 55 11
1 69 11 36 16 24 16
1 15 13 49 16 69 10
0 37 13 25 23 24 24
2 34 12 23 23 38 20
1 14 10 33 21 42 20
2 72 11 37 8 23 22
2 32 15 44 13 73 8
0 22 12 32 23 31 19
1 24 24 18 11 57 17
1 69 6 26 17 41 21
0 24 24 40 11 27 21
2 37 23 26 22 35 9
2 45 19 44 12 27 9
2 22 19 28 17 64 12
2 29 25 30 14 73 7
1 80 10 38 19 19 8
0 21 20 34 22 25 17
2 20 20 43 18 27 20
2 47 7 28 16 48 18
1 12 11 31 14 49 22
0 24 23 21 20 26 23
2 58 4 55 14 27 21
0 27 23 26 17 31 18
2 32 11 22 22 61 13
0 31 11 22 22 32 25
1 18 8 66 15 49 12
2 37 12 23 18 61 13
2 80 7 28 14 28 25
2 27 25 46 16 45 6
0 25 19 34 14 25 25
1 10 3 16 14 66 20
1 35 15 49 23 43 2
0 25 20 23 7 44 21
0 25 24 16 9 56 15
1 79 6 22 20 37 21
0 34 14 42 22 23 10
2 43 13 23 18 37 20
0 38 25 23 22 21 7
1 31 22 62 7 30 20
2 58 4 40 21 52 10
2 35 23 16 16 35 18
0 27 17 36 19 27 19
2 30 22 54 11 37 12
1 12 6 45 21 31 23
1 47 17 21 11 30 23
1 21 19 12 10 45 24
0 41 17 29 22 21 15
0 14 14 36 22 52 12
0 39 14 45 13 23 21
2 41 16 16 16 54 13
1 15 12 74 12 25 23
0 35 21 30 14 42 11
1 22 10 41 21 53 12
2 23 23 51 9 64 10
