1 6 5 5 2 9 5 22 5
0 23 2 8 7 12 5 9 5
0 11 7 7 5 7 7 9 4
0 15 5 7 3 14 5 10 4
1 17 3 14 5 3 3 11 7
1 21 4 20 2 10 3 11 5
0 10 5 9 2 13 6 11 6
1 5 5 8 7 28 2 32 2
0 7 7 7 7 20 3 7 7
1 7 5 7 7 40 2 6 5
1 7 6 50 2 4 3 7 7
1 33 2 10 2 32 3 8 2
0 11 6 14 2 13 6 7 5
0 15 3 8 4 11 4 14 6
1 42 2 5 5 8 4 8 7
0 7 7 8 7 7 7 7 6
1 13 4 20 2 23 3 6 6
0 8 6 8 5 10 7 9 6
1 21 3 22 3 12 4 7 4
1 13 2 10 4 6 6 21 5
0 12 6 7 7 14 2 8 6
0 12 4 10 4 7 7 12 5
0 12 6 6 5 7 7 7 7
0 7 5 7 7 9 3 14 7
1 9 5 38 2 12 5 11 2
1 10 6 21 2 13 6 14 2
1 6 6 11 4 18 3 26 3
1 10 4 13 4 6 5 42 2
0 4 3 8 7 13 7 18 2
1 7 7 9 2 9 4 31 3
1 7 2 15 4 22 4 6 6
0 11 7 4 3 13 4 12 5
0 7 7 7 7 20 2 10 7
0 10 6 8 7 10 5 13 3
0 11 5 7 7 11 7 5 3
0 12 4 7 5 8 5 12 6
0 8 7 8 5 12 5 7 7
0 21 3 12 4 8 7 6 5
0 9 6 9 5 18 2 15 5
1 35 2 7 3 10 6 10 6
0 11 5 9 6 18 2 17 3
0 5 5 9 7 7 5 13 6
0 13 3 7 7 20 3 14 4
1 38 2 7 3 10 5 8 6
0 13 2 7 7 10 5 10 7
1 10 6 22 4 6 6 6 4
0 8 4 14 7 7 7 9 3
1 8 4 10 6 7 7 23 3
1 19 4 12 5 26 2 6 4
0 23 2 6 4 8 6 16 5
1 19 2 18 4 28 2 7 6
1 41 2 6 6 9 4 11 4
0 14 7 8 4 6 6 8 5
0 27 2 9 6 6 3 10 7
0 17 4 14 4 4 3 9 7
0 13 7 13 4 7 5 6 5
0 13 5 6 6 15 5 5 4
0 13 6 14 6 7 4 9 2
0 7 7 8 6 13 5 9 5
0 10 7 11 6 9 6 5 3
0 10 7 6 6 6 5 21 3
0 5 5 14 6 7 7 9 4
1 12 4 15 5 5 5 27 2
1 30 2 16 3 6 6 10 5
1 16 3 8 6 7 5 27 3
0 11 6 8 5 15 4 6 5
0 14 6 9 4 6 6 8 7
1 23 4 5 4 9 6 12 3
1 10 7 31 2 10 4 13 3
0 19 3 8 7 7 7 8 6
0 7 6 8 6 8 5 20 4
1 31 2 8 7 5 4 14 4
1 4 4 7 7 25 3 18 3
1 30 3 8 7 6 4 6 4
1 14 6 9 2 9 4 33 2
0 7 2 15 7 7 6 10 5
0 11 5 14 7 7 7 4 2
1 8 2 10 2 17 6 32 2
0 7 7 9 3 8 6 11 7
0 19 3 8 4 16 4 7 6
0 10 5 9 6 9 7 6 5
0 7 6 11 3 11 6 8 7
0 9 6 7 7 27 2 8 6
0 6 3 11 7 6 3 15 6
0 13 5 12 2 8 7 7 7
1 31 2 4 4 10 6 12 6
0 4 3 22 3 10 7 13 4
0 19 3 11 3 7 7 10 7
0 7 7 6 4 14 7 8 3
1 51 2 7 6 7 3 15 2
0 24 4 6 3 9 6 13 2
0 6 6 8 7 10 6 7 7
0 14 4 10 3 18 4 20 2
1 7 7 33 2 19 2 14 3
1 9 6 32 2 12 3 8 5
0 22 3 7 7 10 4 7 7
0 13 3 10 7 7 6 7 7
0 7 4 8 7 7 7 17 4
0 8 6 14 4 25 3 5 3
0 14 4 8 6 20 2 11 5
0 12 7 7 6 9 6 11 2
0 7 5 7 7 24 2 11 7
1 7 7 21 2 25 3 7 5
0 7 7 6 3 25 2 11 7
0 21 4 8 7 6 5 7 5
0 14 7 10 6 4 4 6 6
0 12 4 6 6 14 5 8 7
1 11 2 10 6 42 2 22 2
0 7 7 7 5 15 5 12 3
0 6 6 19 5 12 4 6 5
0 15 3 11 4 9 7 11 4
0 12 2 18 4 11 6 11 3
0 21 4 14 2 7 5 10 5
0 7 7 10 5 12 5 17 3
1 19 4 19 2 12 4 8 6
0 11 4 15 4 7 7 17 3
0 6 6 16 3 11 7 17 3
0 8 6 18 2 7 6 10 7
0 6 3 8 7 14 7 9 3
1 8 2 7 6 32 2 40 2
1 35 2 8 5 8 6 23 2
0 8 2 7 7 8 7 15 6
1 40 2 7 7 7 7 5 5
0 16 2 7 5 13 6 7 7
0 14 4 9 2 12 7 6 6
1 8 5 11 3 34 2 11 6
0 14 3 7 7 20 4 13 2
0 7 7 11 3 13 6 7 7
0 20 2 10 4 21 2 11 7
1 25 2 12 6 11 5 6 5
0 9 3 8 4 13 7 7 7
1 14 4 17 4 17 4 4 2
1 34 2 12 4 13 4 21 2
1 29 3 4 2 11 5 9 6
1 9 6 27 3 7 7 6 3
0 11 7 8 6 13 4 5 5
1 6 6 14 7 7 5 20 2
0 9 6 6 2 12 6 8 7
0 7 4 8 7 8 7 15 4
1 8 6 6 4 40 2 7 7
1 7 5 17 2 10 4 50 2
1 6 6 10 5 13 2 25 4
0 7 6 7 7 12 6 7 7
1 28 3 9 3 9 6 11 4
0 10 5 11 4 7 7 26 2
1 8 4 2 2 17 6 34 2
1 9 6 34 2 6 5 9 6
1 6 6 27 3 6 6 7 7
1 7 7 28 2 11 5 9 5
1 12 6 7 7 24 3 3 2
1 21 3 8 5 6 6 30 2
0 7 6 8 2 15 7 7 5
1 26 2 6 6 9 6 10 7
1 9 5 24 2 32 2 7 6
0 15 7 17 2 6 5 7 6
1 13 7 25 2 6 3 18 2
0 8 7 23 2 10 6 6 6
0 14 2 8 3 13 7 9 7
0 11 7 7 5 13 5 17 2
0 8 6 6 6 21 2 12 7
1 23 3 8 3 6 2 13 7
0 9 7 7 5 16 3 7 7
1 7 7 8 6 5 2 20 5
0 7 7 20 3 19 3 6 5
1 8 5 9 6 40 2 7 5
1 7 7 44 2 10 4 8 3
0 9 5 9 6 5 5 12 6
0 9 5 9 7 7 7 16 3
1 7 7 10 4 33 2 8 6
0 6 6 11 6 20 3 13 3
0 9 7 5 3 8 7 13 6
0 10 5 10 6 6 5 11 6
0 10 7 17 3 9 5 15 3
0 7 7 8 7 12 2 23 3
0 9 6 26 2 11 5 6 6
0 13 6 10 5 13 3 20 2
0 12 2 11 7 9 5 8 6
1 21 4 6 6 12 7 3 2
1 13 3 25 2 6 6 35 2
0 10 4 7 6 18 4 18 3
1 5 5 7 7 26 3 20 3
1 20 3 22 3 7 5 7 7
0 8 5 12 2 9 7 10 7
1 14 2 26 3 8 6 22 2
0 15 5 16 3 5 5 19 3
1 6 6 31 3 9 4 9 4
0 7 7 15 3 14 6 10 2
1 8 3 15 6 33 2 5 5
0 11 4 12 3 8 7 12 5
0 18 3 10 5 9 7 8 4
1 4 3 14 5 33 2 13 4
1 42 2 10 2 11 4 18 3
0 7 7 11 5 7 7 9 6
0 8 6 7 7 24 3 6 5
0 14 2 11 3 14 7 10 4
0 7 4 11 4 13 7 7 6
1 26 3 3 3 11 4 13 5
1 6 6 29 3 8 6 6 6
0 2 2 12 5 11 7 15 4
0 10 7 5 5 8 7 7 7
0 12 3 10 6 7 6 9 7
1 33 2 10 7 10 4 7 4
0 20 2 5 5 10 5 12 7
0 13 4 7 7 6 5 12 6
0 23 3 9 3 11 6 11 4
0 19 3 6 6 14 4 11 5
1 22 2 9 5 8 6 23 3
0 15 4 8 5 6 6 15 4
0 26 2 7 7 12 5 7 6
1 17 2 14 5 9 4 30 2
1 9 2 7 6 50 2 11 4
0 11 6 9 7 6 6 11 3
0 7 7 12 4 11 3 15 5
0 7 7 9 5 12 3 12 6
1 30 2 12 2 13 5 17 3
0 7 7 16 6 4 4 12 3
0 12 3 15 3 11 6 7 7
0 26 2 4 4 8 7 12 6
0 19 2 14 3 12 5 10 7
0 10 6 9 6 7 6 8 5
1 27 2 43 2 8 5 13 2
0 6 3 14 4 11 7 7 7
1 4 2 33 3 5 5 32 2
0 18 2 10 5 8 3 16 6
0 17 4 11 6 6 5 8 4
0 9 5 10 6 6 5 13 5
1 14 5 26 2 6 6 9 5
1 14 3 5 2 30 3 8 7
0 24 3 9 3 8 7 7 7
1 23 2 7 6 12 3 12 7
0 6 3 7 6 9 6 14 6
0 10 3 9 5 16 5 13 4
0 5 5 6 6 7 5 17 6
0 11 7 13 5 9 5 5 2
1 23 2 8 4 13 5 11 6
0 11 5 9 7 12 3 17 3
0 4 4 8 3 13 5 13 7
0 7 7 7 7 8 7 8 5
0 16 5 6 5 7 7 7 6
0 7 7 5 4 17 3 13 6
1 8 7 5 5 30 3 6 6
0 20 2 10 5 13 4 10 6
0 10 7 6 5 13 5 7 5
0 4 4 7 7 14 7 13 3
1 16 4 7 7 29 2 16 2
0 7 7 7 6 14 6 17 2
0 12 4 7 5 14 3 14 6
0 14 4 11 7 5 5 8 6
0 15 4 21 3 7 7 7 4
1 20 3 8 7 15 5 5 3
0 7 7 9 7 8 4 27 2
0 13 6 8 7 5 5 17 3
0 7 7 2 2 15 5 10 7
0 12 5 10 4 10 6 7 7
1 5 5 49 2 14 3 6 6
0 7 7 24 3 7 6 12 3
0 12 5 8 5 7 7 9 7
0 11 7 10 5 16 3 7 4
0 20 2 14 6 6 6 9 5
0 11 6 7 5 5 5 23 3
0 17 5 19 2 5 2 11 6
0 8 4 8 5 15 6 20 2
0 10 4 13 6 7 5 7 7
0 19 4 6 6 10 5 7 7
1 7 7 39 2 11 3 7 7
0 9 6 11 4 7 6 11 5
0 7 5 8 4 11 6 9 7
1 27 2 6 6 25 2 9 6
0 7 7 9 3 13 6 7 7
0 13 6 7 5 7 6 25 2
0 16 3 14 6 7 7 8 2
1 22 2 7 7 23 3 6 6
1 33 2 2 2 18 4 10 6
1 25 3 16 4 9 2 7 6
1 30 2 6 3 18 4 16 3
0 7 6 22 3 9 4 9 6
1 27 2 15 3 19 4 5 4
0 6 5 12 4 11 4 14 6
0 11 2 11 7 15 4 8 6
0 7 7 6 6 9 6 13 5
0 8 6 23 2 9 5 15 4
0 10 7 15 4 12 3 9 4
1 26 3 22 2 13 3 7 7
0 7 7 9 5 8 7 9 6
1 7 4 9 4 7 7 46 2
1 31 2 20 4 5 4 7 7
0 7 5 15 4 9 5 19 3
0 15 3 14 4 6 4 12 7
0 16 4 5 3 6 6 15 6
0 15 4 8 5 10 6 8 5
0 8 6 12 6 11 4 8 6
1 12 4 43 2 6 3 26 2
1 7 3 31 3 9 3 14 4
0 6 2 7 7 12 6 12 6
0 11 5 13 5 7 7 13 3
0 13 6 4 4 8 4 12 6
0 23 2 11 4 10 7 12 4
0 14 4 9 7 8 6 12 3
0 9 4 5 5 16 4 13 6
1 16 3 18 5 10 4 17 2
