2 191 51
0 94 92
1 113 84
1 234 42
2 120 79
0 94 90
2 185 47
1 108 87
2 174 56
1 102 97
0 105 83
2 158 56
1 99 99
2 152 66
1 224 44
0 106 81
1 206 48
1 109 87
2 234 37
2 117 77
2 174 57
2 202 44
2 130 70
2 182 51
2 228 38
0 132 66
2 137 71
1 176 57
0 137 63
2 166 56
0 142 61
2 138 71
1 114 83
2 157 59
1 115 82
2 179 52
2 194 46
2 140 70
2 140 63
2 136 65
2 103 88
2 144 61
1 102 96
2 164 58
2 213 41
2 187 53
0 156 55
2 172 55
2 170 59
2 254 37
2 145 65
2 186 47
2 192 50
2 127 71
2 135 74
1 230 43
0 102 85
0 122 71
1 108 92
2 125 72
0 96 91
0 101 85
1 169 59
0 131 67
1 117 85
2 159 56
2 109 82
2 163 57
1 119 81
1 105 95
2 158 60
2 152 62
2 196 50
2 254 34
2 159 57
1 168 59
2 199 46
1 232 42
0 103 86
2 164 54
0 101 84
2 242 38
2 128 72
2 171 50
0 107 81
2 163 58
1 101 93
2 118 80
2 134 66
0 110 79
2 162 60
0 93 92
2 142 66
0 133 66
1 209 46
1 106 92
2 198 44
0 97 92
0 106 82
1 110 85
