0 10 10 9 5 7 7
0 8 8 9 7 8 8
1 22 5 26 2 9 4
0 5 4 11 7 10 10
0 12 9 10 6 14 2
1 10 10 24 2 19 3
1 11 8 9 9 11 3
0 10 5 12 8 8 7
0 9 9 8 8 9 5
1 23 3 3 2 26 5
1 12 5 11 11 4 4
0 11 10 7 5 10 5
1 11 8 28 2 16 4
1 7 4 20 3 11 11
1 4 3 13 10 19 3
0 11 7 8 8 10 6
0 8 8 9 9 10 6
0 8 8 10 9 8 5
1 13 5 16 7 6 5
1 12 7 9 9 10 4
1 12 11 19 3 3 3
0 8 8 9 6 9 9
1 8 8 10 2 13 9
0 16 6 8 5 8 8
0 11 11 6 5 7 7
1 26 2 8 8 9 9
1 7 6 10 7 24 4
1 14 6 6 4 10 10
0 10 8 8 8 16 3
1 30 3 5 4 12 7
0 9 9 11 7 6 6
0 6 5 12 7 9 9
1 19 3 9 9 18 3
1 3 2 35 3 10 8
0 8 8 10 7 8 8
1 9 8 3 2 11 11
1 8 7 28 3 8 8
1 15 4 6 5 55 2
1 7 6 12 12 5 3
1 21 2 11 11 6 5
0 10 3 14 5 10 9
1 9 9 17 3 9 8
1 6 3 17 7 10 6
1 7 7 15 5 9 9
0 11 5 14 8 6 5
1 9 5 20 3 10 10
0 11 6 8 4 10 10
1 51 2 9 8 17 2
0 8 7 15 6 9 5
0 9 9 7 4 13 7
1 7 6 11 2 13 10
1 11 11 7 4 10 6
1 4 3 4 4 13 13
1 8 7 62 2 13 2
1 11 8 10 10 5 3
1 13 3 13 7 35 2
1 12 12 22 2 7 3
0 14 3 10 10 8 7
1 10 10 8 8 19 2
1 12 12 6 5 11 2
1 10 10 9 9 4 3
0 7 7 8 8 10 8
1 10 7 8 4 10 10
1 11 11 5 4 15 4
0 13 5 18 2 13 7
0 8 8 7 7 9 9
0 9 8 8 3 10 10
0 8 6 13 6 8 8
1 7 7 11 11 6 6
1 13 4 11 6 11 8
0 11 11 8 6 7 3
0 11 6 11 8 14 3
1 21 2 44 2 35 2
1 10 10 8 8 21 2
1 26 4 5 2 9 9
0 10 6 7 6 14 7
0 12 6 10 10 9 2
0 17 3 8 8 14 6
0 14 3 7 4 11 11
1 5 5 10 10 12 7
1 9 9 13 4 24 3
0 12 9 9 7 12 2
1 16 5 15 6 19 2
1 12 12 7 6 3 2
0 10 6 9 8 9 8
1 30 3 25 2 11 5
1 8 8 6 3 11 11
0 11 5 16 6 10 4
1 9 9 25 3 19 2
1 6 6 19 4 10 9
0 12 9 6 2 10 7
1 47 2 6 6 24 3
1 11 8 9 9 13 3
0 8 7 15 4 19 4
1 22 2 10 10 11 5
0 13 7 10 2 14 6
1 11 9 10 7 6 6
1 13 9 14 3 10 5
1 15 3 17 2 11 11
1 7 6 19 7 11 3
1 15 4 15 3 10 10
0 7 6 8 8 10 10
1 11 11 6 2 9 7
0 9 9 8 7 8 8
1 9 5 7 7 25 4
0 12 8 7 5 12 5
1 12 12 6 6 6 2
0 19 5 15 4 6 6
1 12 7 5 5 11 9
1 7 3 11 11 15 4
1 12 11 7 6 6 3
1 9 9 23 3 7 6
0 8 5 10 7 13 7
1 16 3 39 2 11 6
1 11 6 12 6 30 2
0 6 4 9 8 10 10
0 11 11 10 5 5 4
1 18 4 15 5 16 3
0 11 5 9 9 12 5
1 8 7 20 3 46 2
1 6 4 11 8 12 8
0 7 5 13 5 10 10
1 8 6 43 2 8 8
1 13 2 23 2 11 11
1 31 3 9 9 4 4
0 8 7 10 7 9 8
0 9 8 10 10 6 5
1 30 2 9 8 8 8
0 9 9 9 9 7 6
1 10 7 10 5 37 2
0 9 5 9 9 13 5
0 12 4 16 3 11 9
1 21 3 39 3 4 4
0 9 6 13 8 7 6
0 9 9 9 4 13 6
1 30 2 7 6 10 10
1 19 5 32 2 7 7
1 8 8 18 4 11 6
1 29 3 10 6 11 5
0 14 3 12 7 8 8
0 8 7 15 3 10 10
1 8 8 7 7 27 3
1 9 6 11 4 12 9
1 24 3 16 5 18 3
1 7 4 9 3 12 12
0 8 7 11 7 13 5
1 7 7 10 10 15 4
1 11 7 11 9 9 3
1 21 4 5 5 42 2
1 16 8 13 3 9 3
1 24 3 9 9 10 5
1 10 10 9 9 6 4
1 9 7 40 2 8 8
1 13 9 11 5 6 6
1 16 3 36 2 14 5
0 7 7 12 9 13 3
0 9 7 7 6 10 10
1 28 3 8 8 10 5
1 8 8 9 2 11 11
1 14 5 6 4 13 8
1 10 10 5 5 11 7
1 6 2 9 9 10 10
1 8 2 10 10 9 9
0 15 4 8 6 11 8
0 8 6 16 3 10 10
1 40 2 5 5 14 7
1 10 10 10 2 12 7
0 10 4 9 7 10 10
1 10 10 9 9 4 4
1 6 4 10 9 23 4
0 16 7 10 5 6 5
1 2 2 14 4 12 12
1 5 4 12 5 13 9
1 9 9 11 6 23 2
1 11 10 14 5 7 3
0 12 2 11 11 10 5
1 10 8 8 8 8 8
1 11 11 25 2 6 5
1 6 5 13 6 10 10
1 10 8 17 2 10 9
0 8 8 13 5 17 4
1 13 7 9 9 16 2
1 10 4 11 11 9 5
1 12 3 15 7 20 3
1 21 4 30 2 18 3
1 4 3 15 5 13 8
1 16 3 11 5 10 10
1 15 6 18 5 5 2
0 6 4 8 7 13 9
0 11 5 9 5 10 10
1 9 9 8 3 11 9
1 28 3 12 5 13 5
0 8 8 8 8 9 8
1 16 5 23 3 9 5
1 11 4 12 12 3 2
1 44 2 9 9 18 2
1 16 4 9 9 8 8
0 10 6 9 9 18 3
1 8 7 9 9 17 4
1 5 5 22 4 31 3
1 6 6 8 4 63 2
1 8 6 28 2 10 9
1 10 9 15 3 10 7
1 31 2 10 10 8 5
0 8 6 11 11 8 4
1 25 2 6 3 12 11
1 5 4 12 12 17 2
1 7 3 37 2 12 8
1 14 5 22 2 12 7
1 3 2 10 10 10 10
1 4 3 39 2 10 10
0 7 6 20 5 8 6
0 10 10 8 8 6 6
1 11 4 13 10 7 5
1 7 5 10 7 25 4
1 10 9 28 3 10 3
0 14 4 10 10 14 3
1 18 6 11 5 9 4
1 7 2 9 9 10 10
1 64 2 7 7 14 2
1 36 2 8 7 16 4
1 12 12 6 2 8 5
1 25 3 8 8 16 4
0 7 7 10 8 10 7
1 13 4 6 6 11 11
1 12 9 14 4 11 4
0 9 7 6 6 10 10
1 11 11 7 7 12 3
0 9 6 10 10 6 6
1 28 4 16 3 11 3
1 13 8 15 5 6 4
1 8 7 17 5 28 2
0 8 8 11 8 11 4
0 11 6 8 6 11 7
0 9 6 11 4 11 9
0 17 5 10 6 13 4
1 15 3 8 8 10 10
1 9 5 17 7 13 3
1 33 2 11 7 29 2
1 5 5 51 2 9 7
1 12 12 7 3 7 6
1 7 6 22 5 11 5
1 5 5 10 10 14 6
0 10 9 7 7 10 6
1 3 2 12 12 7 7
1 5 2 6 4 13 13
0 13 5 10 9 9 5
1 11 3 11 11 10 5
1 14 7 21 3 8 4
1 52 2 10 10 2 2
0 9 5 15 6 14 4
1 4 2 15 8 10 7
1 17 7 8 8 3 3
0 11 7 10 9 6 6
0 9 3 9 9 12 7
0 8 6 9 5 10 10
1 9 6 14 2 11 11
0 16 4 8 8 12 6
1 11 10 8 4 16 4
1 16 2 9 9 27 3
1 7 5 12 9 8 8
1 11 10 6 5 32 2
1 5 4 3 3 13 13
1 9 6 7 7 17 6
0 6 4 11 11 9 6
0 8 7 10 9 9 6
0 10 7 14 6 10 5
1 11 11 4 4 9 7
1 23 2 5 5 11 11
1 13 9 17 2 13 4
0 11 5 7 6 10 10
0 8 8 10 5 11 8
0 14 5 13 6 8 6
0 8 8 11 4 10 9
1 8 7 12 8 9 6
1 16 6 10 4 27 2
1 14 8 13 6 4 3
1 9 9 16 6 6 5
0 7 7 11 8 12 5
1 14 2 13 8 19 4
1 12 12 10 4 5 2
0 18 3 10 10 7 6
1 24 3 7 5 18 5
1 9 9 11 9 7 4
1 8 8 64 2 3 3
1 8 8 38 2 11 6
1 10 4 11 11 11 4
1 14 7 5 5 38 2
1 23 5 16 2 16 3
1 10 4 22 6 15 2
1 25 2 9 9 8 8
0 15 4 10 10 8 5
0 11 5 8 8 9 9
0 7 7 9 8 9 9
0 11 3 11 9 9 7
1 10 10 4 4 20 4
1 11 11 7 6 21 2
1 9 3 51 2 10 7
0 8 7 10 7 8 8
1 24 5 11 2 13 5
