0 9 8 15 5
1 11 3 31 4
0 13 9 9 5
0 10 8 9 8
0 9 7 12 7
1 12 12 4 4
1 11 9 64 1
1 11 5 26 4
0 15 7 22 2
0 10 7 16 5
0 11 9 13 5
0 9 8 25 3
1 55 1 12 9
1 44 3 14 2
1 25 4 13 4
1 7 1 31 5
1 13 5 91 1
0 8 5 14 8
1 15 8 31 1
1 64 1 10 10
0 14 8 9 4
1 20 6 9 5
0 17 7 10 4
0 10 8 21 4
1 2 2 13 12
0 15 3 11 10
1 24 3 11 8
0 13 8 8 7
0 10 8 12 6
1 18 7 13 3
0 9 6 11 9
0 20 5 14 4
0 10 8 9 9
0 10 8 11 7
1 5 5 26 5
0 17 6 7 7
0 9 4 11 11
1 80 1 9 8
1 9 5 29 4
1 10 10 60 1
1 37 2 15 6
1 72 2 4 3
0 9 9 9 9
1 46 2 8 8
0 16 6 8 7
1 3 3 25 6
1 22 6 8 2
0 13 7 9 8
1 4 4 23 6
0 7 7 10 10
0 11 11 7 4
1 12 12 20 1
0 13 3 11 11
1 10 9 37 2
0 7 7 11 10
1 25 3 42 2
0 16 7 9 4
1 16 8 7 5
1 90 1 11 6
1 43 3 20 1
1 16 6 21 3
0 13 9 8 5
1 24 4 13 5
0 8 8 11 8
1 11 6 24 4
1 40 2 26 3
0 11 11 10 4
1 19 1 12 12
0 19 6 12 4
0 13 9 6 5
1 9 4 21 6
1 8 4 60 2
0 21 3 11 8
1 19 6 21 2
1 19 7 23 1
0 13 3 16 7
0 11 6 13 7
0 11 3 14 9
1 17 5 24 3
1 10 9 25 3
1 74 1 13 7
0 10 9 12 6
1 12 12 4 2
1 5 4 16 8
0 27 3 10 7
1 25 5 33 1
1 11 5 51 2
1 27 2 19 5
1 25 4 8 8
1 22 1 12 11
0 11 11 6 5
1 13 10 6 4
1 5 5 22 6
1 7 2 50 3
0 12 8 8 7
0 11 11 12 3
1 11 11 37 1
0 11 5 21 5
1 17 8 24 1
1 13 9 30 1
0 17 3 14 7
1 93 1 9 8
0 20 5 7 7
0 11 11 14 3
1 7 5 13 10
0 14 6 9 9
0 10 9 10 7
0 11 8 11 7
1 23 3 43 2
1 46 2 24 3
0 7 4 12 10
1 30 3 9 8
0 11 11 11 4
1 22 2 19 6
0 14 7 10 5
1 64 1 11 8
1 22 4 19 4
1 10 9 63 1
1 36 3 10 5
1 48 2 32 2
1 47 1 13 9
0 13 6 11 7
0 7 6 12 10
0 15 7 11 5
1 30 5 10 1
1 48 1 10 10
0 12 9 18 3
1 20 1 18 8
1 15 9 8 2
1 13 7 35 2
1 37 2 25 3
0 12 10 9 3
0 10 8 10 7
1 10 10 62 1
1 21 3 84 1
1 5 3 12 12
0 10 10 17 3
1 32 1 40 3
1 21 4 70 1
1 12 6 41 2
0 11 11 8 5
0 11 11 7 5
0 10 8 15 5
1 37 1 25 5
1 16 2 25 5
1 13 11 9 2
0 14 4 10 10
1 9 9 34 2
1 58 2 38 1
0 16 7 10 4
1 35 3 8 7
0 12 5 10 9
0 14 9 8 3
1 92 1 15 4
1 32 4 5 4
0 15 5 10 9
0 19 6 11 4
1 29 2 47 2
1 13 6 28 3
0 13 3 15 8
1 16 8 26 1
0 20 2 12 9
1 14 2 43 3
1 22 5 9 6
1 45 3 5 3
0 10 10 11 5
1 28 2 12 9
0 9 8 9 9
1 29 3 9 7
0 22 4 8 8
1 12 9 48 1
1 13 9 31 1
1 5 1 13 12
0 10 7 11 8
0 8 8 12 8
1 33 3 26 2
1 9 9 41 2
1 34 3 16 3
1 24 6 5 2
1 70 1 9 9
0 17 7 8 5
0 11 4 12 10
1 15 7 28 2
0 11 9 19 3
0 10 7 9 9
1 11 6 45 2
0 11 5 12 8
1 12 8 62 1
1 13 10 21 1
1 5 3 17 8
0 21 4 13 6
1 8 6 28 4
0 16 4 10 10
1 52 1 10 10
0 13 9 11 3
1 78 2 3 3
0 14 5 9 9
1 47 3 20 1
1 4 3 12 12
0 9 7 22 4
0 10 5 10 10
0 11 10 18 3
0 20 5 12 5
1 20 1 16 8
1 55 1 10 10
1 23 4 18 4
1 31 1 11 11
1 91 1 8 8
0 10 8 16 5
1 32 1 23 5
1 5 2 12 12
0 7 6 11 11
1 25 5 7 5
1 8 1 13 12
0 13 8 8 6
0 10 8 10 8
0 22 3 9 9
1 32 2 12 7
1 10 9 36 2
0 11 9 8 7
1 90 1 12 6
1 87 1 10 7
1 5 4 12 11
1 18 6 45 1
1 13 9 45 1
0 19 6 10 5
0 16 3 20 5
0 21 2 13 9
0 25 3 12 6
0 17 7 10 3
1 14 10 21 1
0 16 7 15 3
0 11 10 10 5
1 14 8 37 1
1 9 6 26 4
0 13 5 14 7
0 9 8 11 7
1 4 2 20 7
1 12 5 21 5
0 10 9 9 8
0 18 6 8 5
0 6 5 15 8
1 3 2 12 12
1 10 9 33 2
1 5 5 20 7
0 14 8 8 6
0 10 3 11 11
0 11 11 6 6
1 13 9 43 1
0 9 9 13 6
1 42 3 25 1
0 8 6 11 10
1 36 1 11 11
1 20 6 22 2
1 10 8 26 3
0 8 7 14 7
0 16 5 17 4
1 12 11 4 4
0 15 6 8 8
0 11 6 14 7
1 14 9 35 1
1 6 5 45 3
0 10 10 10 6
0 9 5 13 8
1 25 2 27 4
1 28 3 68 1
1 6 2 17 8
0 11 7 18 4
1 12 12 7 1
1 9 3 12 11
1 10 3 42 3
0 6 5 17 7
0 20 5 11 5
0 12 6 17 5
0 11 7 19 4
1 17 3 19 6
0 16 3 10 10
0 10 10 12 4
0 17 6 9 7
0 18 3 15 7
0 10 6 10 9
1 23 3 19 5
1 12 11 6 5
0 14 9 7 4
0 9 5 12 10
1 30 4 15 2
0 14 6 8 8
0 11 4 12 9
1 12 12 2 2
1 31 4 36 1
0 11 7 15 5
1 31 3 10 6
0 17 5 11 7
1 81 1 11 7
1 28 3 66 1
0 13 6 10 7
1 13 10 27 1
1 19 3 52 2
1 33 4 6 4
1 10 2 12 12
