1 30 12
1 38 9
1 40 8
1 32 11
0 27 13
1 51 7
0 20 18
0 23 15
0 19 17
0 22 15
0 21 16
1 53 7
0 19 19
0 28 12
0 18 18
1 41 8
0 21 17
1 26 14
1 40 9
1 46 8
1 42 8
1 37 10
0 24 15
1 35 10
0 19 18
1 47 7
0 26 13
0 33 10
0 22 16
0 21 15
0 25 13
1 28 13
0 23 14
1 37 9
0 20 16
0 20 17
0 24 14
1 65 5
1 66 5
1 64 5
1 45 7
1 46 7
0 30 11
1 61 6
1 68 5
1 33 11
1 60 6
1 86 4
1 87 4
1 71 5
1 69 5
1 74 5
1 53 6
1 48 7
0 32 10
1 23 16
0 25 14
0 29 11
1 49 7
0 31 11
1 108 3
0 35 9
1 34 10
1 44 8
1 81 4
1 58 6
1 54 6
1 43 8
1 45 8
1 88 4
1 73 5
1 91 4
1 36 10
1 83 4
1 70 5
1 63 5
1 50 7
0 27 12
1 90 4
1 92 4
0 36 9
1 39 9
1 107 3
1 105 3
0 29 12
1 41 9
1 55 6
1 85 4
1 72 5
1 79 4
1 52 7
1 80 4
1 67 5
1 57 6
1 59 6
1 82 4
1 84 4
1 106 3
1 89 4
1 56 6
1 109 3
