0 67 43
0 55 51
0 68 43
1 155 19
1 74 42
1 141 21
0 64 43
0 55 48
1 175 16
0 98 28
0 74 41
0 73 41
0 52 50
1 115 26
2 90 33
0 84 31
1 249 12
0 60 46
0 98 27
1 134 20
1 198 14
1 254 12
0 78 37
1 127 22
0 66 46
1 137 21
0 54 52
1 106 29
1 129 21
1 241 11
0 66 40
1 69 45
1 106 28
0 114 23
0 111 25
1 218 14
1 248 12
0 62 46
0 85 31
1 177 16
1 138 21
2 113 25
2 81 38
1 201 15
1 231 12
0 63 42
0 52 52
0 85 35
0 89 30
0 83 36
1 137 20
1 147 19
1 91 34
0 63 46
0 64 47
0 70 37
2 123 22
0 53 53
0 79 37
0 61 50
1 110 28
0 52 51
0 58 53
1 126 23
0 65 43
0 56 50
0 91 32
0 67 42
1 167 17
2 94 32
0 65 46
2 72 43
0 58 52
0 68 41
1 138 19
1 130 23
0 62 49
1 120 24
0 96 28
2 106 27
0 54 54
0 61 48
0 65 41
0 59 49
0 76 34
0 69 43
1 155 18
1 203 15
0 59 47
1 228 13
1 139 21
1 102 30
0 55 54
0 101 26
0 81 33
2 98 30
0 74 35
1 120 25
0 59 50
0 68 45
