1 13 13 75 2 18 12
0 26 9 17 5 18 11
0 33 4 29 10 15 7
1 10 2 12 12 31 12
0 16 6 36 8 12 10
0 19 4 18 18 13 12
1 63 4 14 11 37 4
0 16 16 18 7 14 9
1 11 6 75 4 30 5
0 24 11 12 10 13 12
0 49 2 21 9 17 14
0 27 7 18 10 18 10
1 18 12 8 8 88 3
1 53 6 27 4 18 6
1 17 17 18 6 54 3
1 12 10 91 3 27 6
1 15 14 75 2 15 13
0 16 13 16 12 11 10
0 12 12 20 10 14 14
1 20 19 9 8 12 5
0 34 2 17 17 24 8
1 43 4 10 6 17 17
0 31 3 18 18 13 10
0 28 7 16 11 22 7
1 35 6 14 14 76 2
1 25 2 27 12 26 7
0 22 15 20 7 16 3
1 30 5 20 10 67 3
1 19 18 59 2 18 4
0 13 13 13 12 14 14
1 68 2 47 7 9 9
1 29 4 19 19 15 4
1 10 9 5 4 20 20
0 15 11 17 14 13 8
1 20 20 13 3 15 6
0 19 19 18 5 19 3
0 13 10 14 14 15 15
1 13 8 14 14 54 4
0 15 15 38 6 23 3
0 21 10 25 10 18 4
0 17 15 31 2 17 12
0 17 17 14 11 21 4
1 44 3 14 14 51 4
0 21 9 33 4 15 15
1 15 6 16 16 41 5
1 32 2 8 3 21 21
0 15 14 22 9 29 4
0 23 9 13 12 15 11
0 11 9 14 14 16 16
0 16 13 31 5 14 14
0 13 13 26 10 42 2
1 34 8 36 5 9 7
1 60 4 18 8 13 13
0 18 15 16 10 11 10
1 74 2 15 15 26 7
0 12 11 22 11 33 5
0 17 13 13 12 18 10
1 21 21 17 3 15 2
0 17 4 18 18 24 7
0 33 3 15 15 14 14
0 8 6 31 11 20 6
0 19 15 16 11 12 8
1 56 3 9 7 18 17
1 15 11 28 3 46 6
0 16 13 24 9 14 8
0 12 11 13 13 16 16
1 28 8 47 5 12 6
0 13 11 10 9 40 7
1 39 3 77 2 18 16
0 25 13 27 2 15 11
0 11 10 37 8 34 3
0 39 2 20 13 21 10
0 8 4 23 13 14 13
1 39 4 18 18 20 4
0 14 14 20 7 14 13
0 14 14 42 4 12 12
0 13 11 16 6 20 15
1 49 6 35 2 13 11
0 17 9 22 10 36 5
0 29 3 21 15 16 9
1 6 5 61 3 23 13
0 21 3 17 17 32 5
0 16 16 12 11 26 6
1 22 7 65 2 39 6
0 13 13 41 5 15 11
1 7 3 19 19 25 6
1 87 2 13 13 30 6
0 15 3 25 5 21 16
1 14 14 110 2 13 11
1 7 7 19 19 53 2
1 11 6 20 19 36 3
0 16 16 13 11 13 12
1 48 3 13 11 17 16
0 25 12 34 4 13 8
0 44 2 16 16 27 6
0 18 5 21 13 28 7
1 25 10 16 6 55 3
0 11 11 23 10 17 9
1 15 6 19 19 12 9
0 17 17 11 7 14 11
1 72 3 13 10 25 7
0 7 3 16 12 17 17
1 42 5 8 5 18 16
0 20 12 11 10 32 6
0 13 11 14 14 38 5
0 8 4 23 8 23 13
0 53 2 15 13 29 7
0 14 12 14 11 48 4
0 17 17 15 6 18 9
0 16 16 15 14 9 9
1 80 3 12 12 18 8
0 23 4 21 17 11 8
1 84 2 13 12 43 5
0 14 9 25 13 21 5
1 21 12 53 2 16 11
0 15 15 23 10 15 6
0 22 4 24 11 15 11
1 21 3 20 20 9 7
0 35 5 12 12 16 14
1 31 3 93 3 16 11
1 4 2 11 4 22 22
0 14 12 18 15 12 6
1 21 21 15 3 7 7
0 8 6 13 13 17 17
0 20 12 22 11 11 7
1 12 11 12 12 71 4
0 31 11 16 5 11 11
0 8 7 21 11 27 10
0 16 16 15 15 8 6
0 17 17 21 9 12 6
0 15 15 24 11 27 2
1 55 6 28 3 11 11
1 42 2 20 20 15 2
1 31 9 34 2 20 10
0 17 9 17 9 33 7
1 104 2 30 9 8 7
0 28 9 13 11 17 9
0 11 7 18 18 12 10
0 23 12 22 9 25 3
1 110 2 15 13 20 6
1 17 8 66 3 14 14
0 17 8 32 9 32 3
0 13 9 18 13 28 6
0 39 3 11 8 29 11
1 12 12 13 10 118 2
1 110 2 13 13 14 12
1 23 3 27 4 24 15
1 68 2 23 9 17 11
0 15 8 35 6 15 15
0 39 3 14 14 14 14
0 18 18 12 11 10 10
0 26 6 15 15 13 12
0 20 17 8 7 18 9
0 27 6 23 4 23 12
0 20 13 14 14 9 7
0 13 13 17 16 22 5
0 19 19 24 4 10 7
0 15 15 18 14 18 4
0 19 11 17 17 8 6
0 12 11 13 6 18 18
0 20 9 29 8 12 12
1 31 4 67 3 15 14
1 28 5 13 12 55 4
0 14 13 12 9 15 15
0 26 7 24 10 16 7
0 16 16 14 8 13 13
0 20 7 18 12 13 13
1 16 13 15 5 81 3
0 29 4 18 10 27 8
0 15 12 15 14 13 13
0 17 16 12 12 48 2
0 15 15 17 13 25 4
1 7 4 25 12 47 4
0 19 19 8 6 14 8
1 17 17 45 2 39 4
1 19 19 66 2 9 7
0 14 13 21 13 14 4
1 20 20 47 3 7 2
0 19 10 23 13 16 3
0 16 15 31 2 15 14
0 14 6 34 7 20 10
1 13 9 70 2 32 9
1 50 6 14 14 7 7
0 16 16 7 6 16 16
1 50 3 8 8 20 17
1 14 14 49 4 43 3
1 76 2 17 8 17 15
0 12 7 13 10 19 18
0 21 10 12 12 19 8
1 15 14 37 5 68 2
1 37 4 9 5 18 18
0 10 7 16 15 20 11
0 16 11 31 5 15 15
0 15 15 12 6 26 9
0 23 6 26 5 18 16
0 12 11 20 16 25 4
1 17 8 13 5 44 7
1 19 13 52 3 57 2
1 19 14 11 11 51 3
1 34 10 16 3 15 11
0 14 14 25 8 13 10
1 66 3 17 13 15 8
0 20 14 35 4 12 9
0 9 8 10 10 19 19
0 16 8 15 15 23 8
0 22 5 14 10 17 17
0 19 8 20 17 6 6
0 19 10 18 18 6 5
1 19 19 48 2 22 4
1 33 4 74 3 15 10
1 19 9 64 4 14 7
1 8 5 21 21 15 5
1 32 11 25 4 8 7
0 20 15 9 8 23 7
0 18 12 28 9 21 3
0 26 4 36 8 21 6
1 16 16 8 3 18 15
0 12 11 6 6 19 19
1 21 18 6 5 34 3
0 30 10 11 10 13 8
1 37 4 9 2 21 18
1 17 7 59 5 12 12
0 13 7 15 15 24 9
0 22 13 54 2 13 9
0 9 8 29 11 16 9
1 11 11 19 2 20 20
0 15 13 17 14 9 9
1 58 7 8 7 23 3
0 23 12 11 8 15 13
0 17 8 40 3 17 17
1 10 9 18 6 41 8
0 14 14 31 6 19 9
0 19 16 13 9 16 8
0 24 9 14 10 14 14
1 8 6 26 16 14 6
0 13 13 23 10 16 9
1 15 6 39 8 13 8
0 44 6 19 10 9 8
0 14 11 11 9 35 8
0 20 9 23 11 11 10
0 12 12 45 2 25 12
0 16 3 23 13 16 10
0 27 6 50 2 16 15
1 16 16 37 7 6 6
0 14 5 16 13 15 15
0 13 13 14 11 15 14
1 42 6 66 3 9 9
0 34 8 20 10 7 7
0 23 14 24 6 11 8
0 24 6 15 15 13 12
1 11 10 60 3 16 16
0 14 10 13 9 37 7
0 17 5 15 13 18 13
0 13 13 10 8 37 7
0 21 3 17 9 22 13
0 18 7 12 9 18 18
0 15 12 17 7 37 6
1 11 9 48 2 19 19
0 22 8 12 10 28 9
0 13 13 34 7 24 5
0 9 7 13 11 20 17
0 19 6 13 13 17 16
0 28 10 11 6 15 14
1 42 4 28 8 14 11
0 15 8 24 7 17 15
0 14 14 17 10 26 7
0 19 8 22 15 15 4
0 10 7 12 9 18 18
0 18 7 17 17 12 12
0 26 9 18 11 14 8
0 11 11 16 16 14 12
1 11 9 52 4 26 8
0 8 5 20 17 12 11
0 14 7 16 9 22 13
0 9 8 18 18 16 7
1 58 3 42 5 13 13
0 16 6 15 15 14 14
1 79 2 14 11 15 13
1 33 9 10 4 42 4
0 30 10 22 6 14 9
0 19 13 16 10 21 6
0 16 15 13 11 13 11
0 20 7 17 9 20 13
1 20 9 7 4 19 18
0 15 14 23 12 13 5
0 11 11 26 9 27 7
0 21 9 32 4 22 11
0 17 14 30 7 9 8
0 17 16 43 3 15 8
0 27 8 15 15 13 8
1 45 8 32 2 18 6
1 17 5 40 4 17 17
0 22 10 12 12 36 4
0 19 19 9 7 9 9
0 33 7 19 3 16 15
1 16 13 54 4 14 6
1 17 8 40 7 63 2
0 16 13 28 7 16 9
0 34 6 14 14 14 8
0 27 7 11 10 35 6
