0 19 15 36 4
0 20 8 26 10
1 14 7 28 13
1 24 18 6 5
0 16 15 18 10
1 5 5 20 20
1 92 1 28 13
1 6 2 21 21
1 61 4 16 12
0 38 8 22 7
1 47 5 71 3
0 10 9 24 14
0 15 14 40 6
1 19 2 67 6
1 39 8 13 11
1 11 7 21 18
0 14 13 24 11
1 63 6 8 6
0 14 8 24 13
1 10 1 44 10
0 24 7 20 14
0 27 4 19 19
1 29 10 87 2
0 36 6 18 13
0 13 12 31 10
0 18 15 15 13
0 10 10 22 16
1 22 19 40 1
0 12 12 18 16
1 6 6 55 7
1 62 2 26 13
1 15 6 32 11
0 18 16 13 11
1 50 7 13 5
0 14 11 18 15
1 38 8 63 2
0 34 8 12 12
1 17 12 71 3
1 38 6 36 6
1 20 20 31 1
0 29 9 24 8
0 19 6 23 14
0 19 15 14 12
0 16 12 35 7
1 19 19 53 1
1 33 5 59 5
1 71 3 24 9
0 24 10 22 8
1 24 16 11 4
0 29 7 17 15
0 25 8 38 7
1 50 5 44 4
0 17 5 19 19
1 10 6 38 10
1 40 8 68 2
0 11 10 22 16
0 19 11 35 6
0 19 15 14 13
0 37 6 16 15
0 22 15 35 4
0 20 18 15 4
0 18 14 24 9
1 16 5 45 8
0 21 10 20 12
1 95 1 23 14
1 84 1 27 14
0 32 3 27 12
1 22 18 8 4
0 19 17 21 7
1 82 5 3 1
1 11 6 35 10
0 11 11 19 17
1 53 6 15 8
1 8 7 20 20
0 27 13 17 7
0 16 12 18 14
1 27 2 32 12
0 12 12 26 11
0 24 15 12 7
1 49 5 16 13
0 27 6 16 16
1 58 2 19 16
1 20 19 16 4
1 6 4 36 12
0 25 4 19 19
0 16 13 17 14
0 17 7 19 17
0 16 16 36 5
0 17 16 27 7
1 58 4 15 15
0 25 5 26 12
0 16 14 16 13
1 42 1 35 11
0 14 10 17 17
0 15 12 16 16
0 38 8 11 10
1 72 4 13 11
1 35 11 13 4
1 52 1 54 7
0 31 6 17 15
0 22 6 24 13
0 25 14 13 9
0 23 12 25 6
0 15 9 20 14
0 19 14 22 7
0 18 17 34 4
0 21 5 18 18
1 15 4 54 7
1 78 2 19 14
1 33 6 42 6
1 5 5 24 18
0 22 16 25 4
0 23 14 12 11
0 19 16 16 8
0 21 15 26 6
0 17 12 30 8
0 34 8 15 10
1 56 5 20 8
0 14 12 22 13
0 29 6 17 15
0 19 11 15 14
1 51 7 25 3
0 19 13 42 5
1 10 3 25 17
1 86 1 32 12
1 107 3 17 8
0 24 10 15 13
0 35 6 16 14
1 40 11 7 4
1 20 19 8 5
1 13 6 30 13
0 15 15 15 13
0 27 10 27 7
0 16 11 23 12
0 19 4 19 19
0 16 14 23 9
1 4 2 21 21
1 23 16 49 1
1 58 3 29 9
1 18 13 46 5
0 28 12 24 4
1 15 15 54 4
1 32 5 52 5
0 49 5 21 8
0 19 17 23 6
0 15 7 18 18
1 24 8 60 4
0 11 10 19 19
0 12 12 17 17
0 36 8 16 11
1 38 9 20 5
0 11 11 26 12
0 15 14 32 8
1 16 10 90 3
1 20 20 11 2
0 10 10 19 19
0 42 7 14 11
1 8 5 20 20
0 15 15 16 14
1 19 11 70 3
0 19 16 34 4
0 24 15 12 8
1 54 7 17 5
0 18 16 15 11
1 107 3 10 10
0 21 10 16 16
1 36 10 25 4
0 14 13 39 7
1 25 15 81 1
0 11 10 24 14
0 13 12 18 15
1 19 7 64 5
0 18 13 16 14
1 15 7 40 8
1 64 6 9 6
0 17 17 23 6
1 27 14 10 9
1 45 6 22 8
0 20 13 18 11
0 16 14 15 13
0 17 14 28 7
0 27 10 15 13
0 25 14 17 5
0 20 7 23 13
1 29 14 7 7
0 15 9 17 17
0 26 4 30 11
0 21 16 12 11
0 16 16 16 13
0 14 14 20 12
0 14 14 17 16
1 5 5 22 19
1 27 15 11 6
0 28 7 17 15
1 22 3 20 20
1 32 11 52 2
1 35 1 20 19
1 21 19 24 3
0 30 7 16 16
1 10 9 73 5
0 19 9 19 13
0 13 7 18 18
0 14 11 30 9
1 12 10 40 8
0 25 8 21 12
0 21 8 17 15
1 34 11 14 4
1 56 1 19 19
0 17 14 24 8
0 39 7 17 10
0 18 14 24 8
1 27 3 21 18
1 27 14 13 6
0 23 12 16 12
0 11 10 23 14
1 31 13 5 5
1 45 8 11 7
0 18 12 15 14
1 13 8 30 12
0 35 5 19 13
1 83 4 26 5
1 8 3 21 21
0 28 9 15 12
0 18 18 12 8
0 27 11 13 9
1 56 5 14 13
1 16 6 73 5
0 20 5 19 19
0 40 5 16 16
0 17 13 39 6
1 10 4 20 20
0 35 5 17 15
0 20 10 37 6
0 20 8 18 17
1 18 1 21 21
0 11 9 19 18
1 16 12 78 3
1 22 18 66 1
1 54 5 13 12
0 13 11 31 9
1 31 7 55 4
1 24 12 80 2
1 82 2 17 15
1 33 11 11 9
0 15 15 28 7
1 27 7 63 4
1 18 18 43 3
0 16 11 17 16
1 23 17 61 1
0 17 17 14 13
1 32 13 18 1
1 18 12 78 3
1 15 4 21 18
0 11 9 18 18
1 78 3 24 9
1 82 3 47 4
1 17 13 59 4
0 10 10 32 10
0 27 3 19 19
0 19 19 15 5
0 16 13 44 5
1 28 14 11 5
0 10 8 22 16
0 13 12 20 14
1 27 9 43 5
1 6 6 64 6
1 39 8 18 8
0 34 4 27 12
0 20 17 16 8
0 34 8 16 12
1 19 19 79 1
1 17 17 83 2
1 26 14 12 8
0 18 5 27 13
1 18 17 48 3
1 20 19 10 9
0 19 15 22 6
1 22 13 83 2
0 20 13 28 7
0 36 7 20 10
0 26 5 19 15
1 25 1 20 20
1 19 4 28 14
0 14 13 25 11
0 20 6 19 18
1 78 2 33 8
1 64 2 42 8
0 45 3 21 14
0 21 17 11 8
1 31 3 21 18
0 22 13 34 4
0 16 16 18 10
0 16 16 26 8
0 17 17 18 9
0 19 6 19 16
0 19 14 28 6
0 21 6 23 14
1 63 5 18 7
1 20 13 78 2
1 11 7 37 10
