0 24 3 28 7 91 4 60 7
1 41 6 13 6 29 6 115 6
0 39 6 14 7 71 5 80 6
0 63 2 23 6 59 6 97 6
1 211 3 26 6 40 6 19 4
1 60 7 27 7 135 3 39 3
1 3 3 114 4 94 4 61 6
0 62 7 70 3 41 5 47 7
1 28 6 121 4 51 6 24 6
0 17 4 60 6 42 6 53 7
0 26 7 63 7 46 6 59 4
0 111 2 84 5 26 4 65 6
0 54 5 64 5 73 4 43 7
1 71 4 143 3 48 7 54 3
1 44 7 17 2 18 4 136 5
1 66 2 22 6 85 3 138 5
0 42 7 99 4 52 5 15 7
0 94 6 39 3 47 6 32 5
0 10 7 57 7 85 7 9 7
1 86 4 9 4 46 4 122 4
0 95 6 36 2 77 4 61 2
1 146 4 100 5 7 6 24 4
0 21 5 74 6 48 6 57 4
1 98 5 106 5 10 7 28 4
1 58 5 126 4 2 2 60 6
0 52 6 39 3 68 6 68 5
0 70 5 8 3 62 5 76 6
1 123 6 42 6 6 5 37 5
1 63 6 10 4 151 2 62 7
1 60 5 192 3 39 5 13 7
1 78 7 181 2 12 6 32 6
1 201 3 15 4 42 7 44 6
1 103 7 58 4 28 2 50 4
0 41 7 92 6 40 6 7 6
1 21 7 15 4 112 6 111 2
1 32 2 13 7 17 5 127 7
3 72 7 118 3 59 4 16 6
0 51 7 21 6 103 4 31 6
1 162 4 40 3 57 6 8 6
0 107 5 40 3 45 7 57 2
1 134 4 50 3 23 2 59 7
1 29 7 27 7 19 6 132 5
1 21 5 135 5 42 7 30 5
1 70 4 7 6 122 5 43 4
1 45 5 27 7 173 3 32 4
1 89 2 24 5 54 6 117 4
1 10 6 50 4 211 4 15 6
0 32 7 9 7 80 6 73 5
1 25 5 24 2 69 4 138 5
1 68 6 12 6 156 4 7 5
1 82 4 103 5 102 3 9 7
1 161 5 17 4 66 3 9 5
2 113 3 91 6 54 4 28 4
0 62 6 81 7 13 7 11 5
0 31 4 75 7 76 6 10 3
1 75 5 122 3 15 7 41 7
0 84 3 32 3 85 7 63 2
1 37 5 98 2 55 5 119 4
1 32 4 72 6 24 7 163 2
1 33 7 51 6 131 3 69 3
0 106 5 42 5 42 6 24 5
0 91 3 70 6 82 2 49 5
1 107 5 7 7 100 6 10 4
0 63 6 26 7 40 6 42 6
1 95 3 9 7 90 6 102 3
1 56 6 39 4 33 4 145 3
1 23 7 170 4 53 3 16 4
0 82 6 75 2 104 3 42 4
0 48 7 34 3 102 5 89 3
1 36 7 123 3 53 4 71 5
3 52 6 90 2 105 5 16 3
0 19 3 97 6 57 7 14 2
0 90 4 61 7 31 7 55 3
2 103 5 76 6 64 2 40 3
0 82 5 96 4 5 5 69 5
1 12 6 66 4 144 4 49 4
1 50 6 16 5 30 3 119 5
2 95 6 51 3 38 6 114 2
1 26 4 35 3 73 7 142 3
1 67 3 21 3 40 5 98 7
1 70 3 22 4 47 6 161 3
1 90 4 152 3 46 5 16 3
0 64 5 55 6 29 7 39 7
0 35 4 78 7 77 3 79 2
1 31 6 68 5 110 5 27 4
0 54 5 56 6 42 7 117 2
1 36 6 108 6 13 7 89 3
1 18 6 32 6 223 3 19 5
1 147 4 89 4 6 6 29 4
1 20 6 32 7 129 4 54 5
2 65 6 20 6 14 4 99 6
0 74 6 110 3 46 7 14 6
3 65 6 37 6 30 4 116 4
0 49 2 79 4 89 5 32 7
1 70 3 27 7 82 4 124 4
1 29 5 222 4 8 5 20 7
0 28 7 18 4 86 7 42 7
1 7 2 120 4 52 7 46 7
1 31 6 15 4 14 7 104 7
0 80 7 22 3 66 5 47 2
1 19 6 104 3 7 5 179 4
1 7 5 25 5 126 5 87 3
0 21 7 38 6 54 7 62 7
0 42 6 37 4 87 4 61 5
1 54 7 21 5 60 5 122 3
1 55 6 79 3 143 3 18 7
1 112 5 63 5 57 5 8 6
1 10 6 56 3 57 7 142 3
0 32 7 118 3 52 6 33 6
0 73 6 22 6 39 7 48 6
0 78 6 39 7 49 5 35 6
0 57 4 68 2 103 5 30 7
2 18 7 126 2 69 7 76 4
1 53 2 25 5 109 3 126 4
0 58 6 22 3 52 7 103 4
1 62 4 133 4 59 4 66 3
1 22 5 31 3 130 6 36 3
1 154 2 50 6 27 7 84 4
1 42 7 8 5 109 7 13 3
3 93 3 73 7 94 3 12 6
0 23 5 60 7 96 6 39 2
2 85 6 13 7 65 4 111 3
1 98 7 55 2 7 6 50 5
1 29 7 201 4 26 6 9 6
0 51 4 93 4 26 7 50 7
0 18 6 101 5 29 5 56 6
1 28 6 41 6 214 3 19 6
1 173 3 16 7 22 5 92 5
1 51 2 72 7 31 6 143 3
0 19 3 55 7 93 4 56 5
1 6 5 38 3 149 3 76 7
2 24 6 103 2 105 4 75 6
1 86 4 46 2 133 5 36 3
0 44 4 69 5 38 6 51 6
2 59 3 5 5 102 6 82 4
0 104 3 10 5 59 5 72 6
0 30 7 40 3 112 3 64 6
1 125 3 18 6 104 5 21 6
0 63 6 57 7 45 6 25 4
1 65 2 73 5 117 5 16 7
0 61 6 14 7 50 6 56 6
0 28 6 52 7 88 4 53 5
1 19 5 4 4 120 7 39 3
1 40 5 41 3 101 7 22 7
1 142 2 65 5 80 6 23 5
1 33 5 135 6 8 2 34 4
1 34 4 29 5 78 2 142 5
0 52 6 33 6 77 4 80 5
0 116 4 34 7 72 2 70 5
0 60 6 109 3 39 5 53 6
0 36 7 86 3 13 4 80 7
0 17 6 25 2 97 5 76 6
2 91 4 70 3 112 4 25 7
1 207 3 7 7 56 6 33 6
0 69 7 61 3 14 6 57 6
0 63 4 41 5 95 7 6 3
1 42 7 132 3 34 4 49 5
1 13 4 77 6 151 3 62 3
1 11 7 9 6 128 3 146 4
0 37 7 93 3 81 4 47 6
0 71 7 38 4 66 6 13 7
0 114 2 46 6 73 6 31 7
0 40 6 97 6 7 5 44 6
0 32 7 40 6 67 6 82 4
0 62 3 57 4 98 3 70 5
0 79 6 25 6 8 4 79 5
1 35 5 99 4 152 3 12 5
0 63 5 31 7 55 7 84 3
2 29 3 113 4 20 6 80 6
0 4 4 89 7 61 5 36 7
0 19 5 85 6 53 7 59 4
1 61 5 47 4 29 6 152 3
2 43 6 68 3 63 7 71 4
0 94 3 19 7 83 7 85 2
1 67 4 4 4 156 2 92 5
1 134 3 20 6 55 4 70 5
1 14 6 44 3 149 4 49 6
3 58 5 112 3 51 6 40 6
0 51 7 84 4 35 6 91 3
1 14 6 107 7 67 5 13 3
1 19 7 137 4 68 2 71 5
1 35 5 119 5 29 7 14 6
1 71 5 151 3 54 3 21 6
2 102 6 26 4 22 7 80 4
1 150 4 44 6 34 3 72 3
0 89 4 43 6 48 6 42 5
2 110 3 16 7 74 7 97 2
1 75 6 15 6 170 2 42 6
1 67 6 110 5 25 3 35 3
1 6 6 36 3 134 6 62 2
1 60 6 10 5 19 4 141 4
0 15 2 81 7 61 6 65 3
0 34 3 87 7 64 2 41 6
0 93 5 21 5 83 3 72 5
0 44 7 106 3 40 5 34 7
0 77 5 20 6 53 7 32 6
1 8 7 45 7 113 3 114 4
2 7 7 35 5 97 4 84 7
3 62 2 85 7 97 2 76 4
1 21 5 20 7 147 3 75 6
1 209 4 24 5 19 7 8 5
0 37 7 61 3 76 4 82 4
1 6 6 111 3 113 5 72 4
0 19 7 78 4 66 6 86 4
0 81 5 80 5 34 7 16 7
0 59 5 88 5 15 3 72 6
1 152 3 43 7 41 3 50 4
0 19 6 35 7 47 5 76 7
1 130 4 61 6 16 3 46 6
0 42 7 38 7 34 5 74 6
1 41 6 17 6 131 4 72 4
0 70 7 32 3 47 7 48 3
1 42 7 133 5 9 6 20 7
1 9 3 39 4 133 6 34 5
1 60 6 154 3 37 5 28 6
1 92 7 90 4 13 3 19 3
0 73 5 111 4 20 7 62 2
0 73 6 48 5 69 4 24 7
0 93 4 24 4 78 3 57 7
0 80 6 44 6 53 2 54 6
1 105 3 8 4 71 5 122 4
0 88 6 8 7 33 7 72 5
1 7 7 122 4 32 6 63 7
1 133 3 7 6 148 4 24 7
0 36 7 41 7 65 3 95 5
1 8 7 130 7 9 3 20 6
0 66 4 67 3 48 3 114 4
2 92 5 96 5 16 5 14 6
1 127 7 29 6 16 6 22 2
1 54 3 152 6 10 4 20 2
1 9 6 121 6 52 2 58 3
0 64 6 18 7 57 5 59 6
1 36 7 21 4 23 6 172 4
0 85 6 49 3 37 4 101 3
1 12 5 8 6 133 6 38 7
0 43 7 108 4 15 7 65 5
0 63 3 51 5 13 6 93 6
0 86 3 54 6 32 5 59 7
0 35 7 82 4 55 7 19 6
0 49 7 60 7 54 5 37 5
1 24 5 18 6 110 2 133 5
1 21 7 98 3 162 3 30 5
2 17 7 111 2 85 6 89 4
2 89 3 40 5 98 6 57 2
1 106 6 8 5 85 5 21 2
1 117 5 7 5 29 5 67 5
1 62 5 50 6 152 2 47 6
1 127 3 31 7 47 7 71 3
1 24 6 172 3 15 7 65 5
0 25 7 92 3 62 6 58 5
0 57 4 79 2 92 5 48 6
0 78 6 44 5 106 3 60 3
1 5 4 55 5 8 5 204 4
1 52 6 35 7 66 5 160 2
0 7 4 107 4 77 5 54 4
1 53 2 71 6 18 4 128 4
1 52 6 31 7 141 2 68 4
0 50 4 116 2 71 7 66 4
0 50 4 52 6 48 4 90 5
0 32 6 63 6 42 5 70 6
1 72 7 132 3 16 5 18 5
1 17 7 44 6 137 4 57 5
1 123 3 29 4 16 7 112 5
2 97 6 85 4 14 4 24 5
0 72 7 82 4 7 5 47 4
1 116 5 9 7 109 4 24 5
1 69 6 122 5 12 2 47 2
1 127 3 24 6 47 5 113 4
0 79 6 76 4 26 5 37 7
0 40 2 89 6 72 5 42 4
0 65 5 44 6 89 4 28 5
0 43 7 21 7 45 7 48 6
0 74 3 46 5 79 6 57 5
0 96 5 76 6 40 3 22 3
2 59 3 103 6 16 6 61 5
2 78 3 88 4 102 4 44 3
1 126 3 45 7 52 5 29 6
2 99 3 62 6 102 5 9 2
1 186 3 36 7 42 7 38 3
1 20 6 71 5 127 3 56 4
1 3 3 30 6 123 5 51 6
1 65 6 45 3 113 5 15 4
0 60 5 91 3 74 4 69 3
0 76 4 56 6 38 7 74 2
0 41 7 42 2 61 4 80 6
1 64 6 6 3 133 2 100 5
1 98 6 100 4 14 3 42 4
0 48 6 24 6 102 5 16 7
1 34 6 120 5 35 7 7 2
0 10 7 84 7 64 4 83 3
1 4 2 27 5 40 7 112 7
1 103 7 14 4 40 7 10 4
1 57 5 47 5 153 2 47 6
0 59 3 45 7 49 7 65 4
0 36 7 47 4 96 4 59 5
1 27 6 47 7 55 4 166 3
1 51 5 133 5 71 3 6 2
0 81 6 41 7 35 6 26 5
1 32 6 14 4 138 3 116 4
0 73 4 37 4 70 5 66 6
