0 6 3 12 3
1 50 1 2 2
1 8 6 3 2
0 10 3 11 2
0 7 5 5 4
0 10 2 7 5
0 5 5 8 4
1 4 4 41 1
1 3 1 7 7
1 4 2 11 4
0 4 4 7 6
0 6 5 9 3
1 10 4 14 1
1 17 1 10 4
1 17 1 13 3
1 25 1 6 5
0 6 6 10 2
1 16 3 3 3
0 5 4 9 4
1 35 1 21 1
1 1 1 8 7
0 4 3 9 5
0 5 3 7 6
1 7 7 3 3
0 6 4 6 5
0 5 5 6 5
1 27 1 28 1
1 5 3 14 3
0 7 4 6 5
0 6 6 5 4
0 4 4 6 6
1 13 3 13 1
1 37 1 19 1
1 12 2 34 1
1 6 6 20 1
1 3 3 8 6
1 16 2 22 1
1 7 2 21 2
0 6 5 11 2
1 25 1 8 4
0 14 2 5 5
1 28 1 7 4
1 35 1 5 4
0 12 2 7 4
1 7 7 4 2
1 18 2 5 4
1 18 2 10 2
0 6 6 11 2
1 6 2 14 3
0 8 4 7 3
0 7 3 12 3
0 7 4 9 3
1 7 4 30 1
1 16 1 38 1
1 6 2 23 2
0 6 6 9 2
1 19 2 5 4
1 14 2 24 1
1 4 4 21 2
1 37 1 15 1
0 5 4 8 4
1 26 2 3 1
1 38 1 10 2
0 12 1 8 5
1 11 2 17 2
1 11 5 2 1
0 10 3 6 4
1 4 1 24 2
0 8 2 6 6
0 9 4 9 2
0 11 3 10 2
1 24 1 17 2
1 9 2 18 2
1 25 1 27 1
1 11 2 9 4
1 21 1 6 6
1 10 3 14 2
0 7 3 6 6
0 9 4 8 2
1 5 5 29 1
0 6 4 7 4
1 6 4 15 2
1 13 3 7 2
1 7 7 4 1
1 13 1 15 3
1 6 6 22 1
0 6 3 6 6
1 7 7 3 2
1 9 6 1 1
1 3 2 12 4
0 7 6 8 2
1 6 5 26 1
1 15 2 14 2
1 8 3 14 2
0 9 3 5 5
1 5 1 7 7
1 6 3 19 2
1 4 1 51 1
1 4 1 50 1
1 12 1 11 4
0 10 3 8 3
1 11 4 13 1
1 11 4 4 3
1 35 1 6 3
1 11 2 30 1
0 10 4 6 3
1 2 2 51 1
0 5 3 8 5
1 2 2 7 7
0 7 5 7 3
1 33 1 5 5
1 8 3 30 1
1 6 1 8 6
0 12 2 6 5
1 29 1 8 3
1 21 1 7 5
0 8 4 8 3
1 7 7 7 1
1 7 4 15 2
0 4 3 10 4
1 4 1 8 6
1 6 5 23 1
1 44 1 4 2
1 5 4 34 1
1 7 3 17 2
1 8 4 26 1
1 2 1 26 2
1 8 3 11 3
1 11 3 21 1
1 37 1 16 1
0 7 5 9 2
1 8 6 4 2
1 10 1 8 6
0 9 5 8 1
0 12 2 10 3
1 19 2 10 2
1 7 7 9 1
0 5 4 11 3
1 6 4 30 1
1 7 2 19 2
0 7 4 7 4
1 13 2 8 4
1 31 1 6 4
0 8 5 4 4
1 5 5 32 1
1 8 1 7 7
1 28 1 8 3
0 8 4 6 4
1 6 4 29 1
1 6 6 17 1
0 7 4 8 3
1 9 4 21 1
1 13 4 5 1
0 9 5 6 2
0 7 6 7 2
1 7 4 14 2
0 5 5 7 4
1 4 4 14 3
1 8 1 11 4
0 5 5 10 3
1 5 5 15 2
1 7 7 6 1
0 10 4 8 2
1 15 3 5 2
1 13 2 9 3
1 13 3 9 2
0 9 4 4 4
0 10 1 9 5
1 12 3 21 1
0 6 3 8 5
1 26 1 26 1
1 9 3 29 1
0 11 1 7 6
1 26 1 10 3
1 6 1 17 3
0 7 6 12 1
1 4 2 10 5
1 14 3 5 2
1 12 4 4 2
1 6 3 20 2
1 21 2 6 2
1 35 1 23 1
1 7 5 19 1
1 37 1 4 4
1 7 6 14 1
1 12 2 16 2
1 7 2 11 4
1 6 3 13 3
1 5 5 16 2
1 7 3 18 2
0 11 2 7 5
0 7 6 6 2
0 10 4 4 4
1 27 1 9 3
1 28 1 15 2
0 11 3 5 5
1 52 1 4 1
1 11 3 20 1
0 7 6 4 3
1 22 1 8 4
1 16 1 18 2
1 6 5 27 1
1 4 3 15 3
1 15 1 41 1
0 4 2 9 5
1 18 1 12 3
1 14 3 14 1
1 4 1 10 5
1 5 1 51 1
1 1 1 14 4
1 7 5 23 1
1 15 2 9 3
1 24 1 6 5
1 27 1 5 5
1 11 5 1 1
0 8 3 6 5
1 13 3 4 4
0 10 2 8 4
1 5 2 11 4
1 43 1 4 3
1 6 3 34 1
1 44 1 10 1
1 17 1 8 5
1 19 1 6 6
1 11 1 21 2
1 7 2 14 3
1 38 1 5 3
1 10 4 16 1
1 29 1 12 2
1 7 5 20 1
0 8 5 8 2
0 6 3 7 5
0 9 2 10 4
0 3 3 9 5
1 8 7 2 1
1 12 4 10 1
1 9 2 35 1
1 5 3 20 2
1 17 2 6 4
1 3 2 26 2
1 7 4 24 1
1 5 3 43 1
1 31 1 22 1
1 12 2 30 1
0 11 3 6 4
1 13 4 3 1
1 9 3 14 2
0 5 2 7 6
1 7 3 16 2
1 4 2 49 1
1 8 6 7 1
1 2 2 9 6
1 13 2 16 2
1 23 1 17 2
1 28 1 10 3
1 20 2 6 2
1 14 2 6 5
1 16 3 3 2
1 19 1 9 4
1 2 2 52 1
1 6 6 18 1
0 5 3 10 4
1 31 1 25 1
1 8 1 15 3
1 21 2 10 1
1 13 3 5 3
0 10 3 9 3
1 10 1 16 3
1 16 1 13 3
