2 54 2 12 7 23 7 33 6
0 32 7 19 4 22 6 20 6
0 29 6 25 5 25 7 8 5
1 68 4 25 4 22 3 53 2
0 18 5 10 6 21 7 42 5
0 44 3 14 6 38 4 24 7
0 25 7 18 5 26 5 21 7
0 25 6 21 5 34 7 8 5
1 81 2 51 4 24 6 23 2
0 19 6 13 6 40 4 39 4
1 12 7 19 7 27 5 67 3
1 88 3 12 6 14 7 25 5
0 17 7 33 6 7 3 40 5
0 31 2 37 7 23 7 24 2
1 68 3 27 5 35 3 19 6
1 88 3 21 3 26 5 14 6
0 12 6 31 7 13 6 32 6
1 41 4 53 3 19 6 58 2
1 62 2 57 3 35 5 9 6
0 32 4 18 7 34 5 20 4
1 41 2 39 5 21 4 79 2
0 29 5 23 6 15 7 35 4
0 44 6 8 3 22 7 11 7
1 89 2 32 3 6 4 37 7
1 18 4 26 7 53 2 82 2
1 61 2 50 5 10 7 23 3
1 23 3 41 2 30 3 48 6
0 53 4 31 4 31 2 16 7
1 32 4 36 4 57 4 9 6
1 14 7 82 3 51 2 18 5
0 20 6 43 4 19 6 14 7
1 24 7 5 3 45 2 66 4
1 19 2 50 4 28 4 46 4
0 34 2 25 4 33 6 32 5
0 13 3 29 6 36 3 32 7
0 16 7 26 4 49 5 13 4
1 5 3 40 2 51 5 28 7
1 82 3 12 6 24 5 18 6
1 20 5 23 5 71 3 12 7
0 25 4 33 4 21 5 31 6
1 9 2 16 7 61 3 64 3
1 16 4 29 5 55 4 44 2
1 14 7 54 2 39 7 5 5
1 64 2 16 4 34 6 19 7
1 58 3 17 6 27 5 48 2
1 16 5 102 3 34 3 12 5
1 12 3 48 6 19 6 19 6
0 27 4 16 5 30 6 24 6
1 68 3 24 4 7 5 66 3
1 43 3 44 3 40 6 7 5
1 44 5 72 2 15 7 22 4
0 6 6 32 6 27 4 44 4
0 37 3 14 7 30 6 43 3
0 23 5 44 5 20 7 11 7
1 51 4 12 2 68 3 24 3
1 40 4 63 4 2 2 30 4
1 20 7 7 6 86 2 32 5
1 56 4 15 7 44 3 13 7
0 30 5 16 6 45 3 32 4
1 15 3 20 6 92 3 22 5
1 33 4 34 3 54 5 18 2
1 78 2 17 2 33 6 20 6
0 30 7 18 6 55 2 20 6
1 71 3 36 5 29 3 15 2
1 14 5 74 2 25 6 25 7
1 20 6 63 3 27 5 13 7
1 81 3 14 6 25 2 21 7
1 37 4 10 3 102 2 22 6
1 49 3 46 2 49 3 37 4
0 9 7 29 7 13 7 21 7
0 26 7 34 3 13 6 28 6
1 28 6 43 5 8 4 28 5
1 50 5 16 6 32 4 13 6
1 17 3 12 6 34 4 48 6
2 39 3 28 4 20 7 34 5
1 12 4 5 4 46 3 105 3
1 15 5 92 3 8 6 47 3
0 24 7 30 5 34 2 24 6
1 40 2 26 6 20 2 63 4
1 21 7 21 7 63 3 32 2
1 62 2 17 6 14 5 78 3
1 8 6 68 3 16 5 46 4
0 36 7 16 5 13 7 21 5
1 22 4 74 2 40 4 36 4
0 31 2 22 6 48 5 17 6
1 56 3 28 5 14 4 77 2
1 99 2 29 4 5 5 27 7
0 26 4 38 6 39 2 17 7
1 57 4 11 6 27 6 20 5
1 16 7 21 6 61 3 17 6
1 37 4 17 7 92 2 8 7
0 25 6 13 6 15 5 31 7
0 21 7 17 6 20 4 47 4
1 11 6 53 5 46 2 38 3
1 79 3 21 6 21 4 17 6
1 26 6 12 7 60 3 27 5
0 20 4 41 7 16 6 19 4
0 32 6 12 6 21 7 23 5
1 12 5 56 4 20 5 58 3
1 14 6 39 4 35 2 49 5
1 27 3 24 6 68 2 32 5
1 6 5 52 2 51 6 17 6
0 22 7 17 6 43 4 15 7
1 25 7 73 2 32 4 10 6
1 30 6 18 6 60 3 15 4
1 10 6 19 7 5 3 44 7
0 12 6 47 3 37 6 15 7
1 61 5 6 4 12 7 20 5
0 9 6 18 6 26 5 41 6
1 41 4 55 4 37 3 10 6
0 25 4 45 4 40 3 18 6
2 56 3 41 3 25 5 16 7
1 27 4 32 5 70 3 16 3
1 77 4 30 3 31 3 5 5
1 38 5 19 4 43 6 3 2
1 48 6 58 2 27 4 22 2
0 49 2 30 7 14 5 19 7
0 24 6 24 6 46 4 18 4
0 38 4 33 6 7 5 27 6
1 30 2 4 3 58 3 40 7
1 75 2 32 5 9 6 24 6
0 25 7 21 6 22 4 32 4
0 36 6 18 4 22 7 18 6
0 30 2 18 7 41 6 18 4
1 24 4 87 2 39 3 19 7
0 24 3 31 3 33 7 40 3
1 14 6 59 5 9 5 30 4
1 63 4 19 6 7 7 18 7
0 21 5 24 5 33 7 19 3
0 28 2 31 7 33 6 15 5
1 29 7 64 3 20 5 10 4
1 13 5 11 4 20 6 60 5
0 31 7 23 4 23 6 24 4
0 27 6 20 6 28 6 13 5
2 25 5 46 3 15 7 43 4
1 61 4 54 2 15 4 15 6
0 36 5 36 3 32 6 8 5
1 40 3 23 6 63 2 42 4
0 26 6 31 5 47 2 19 7
1 41 3 61 5 16 4 9 7
1 9 6 26 7 17 6 100 2
1 42 3 21 5 12 7 75 3
1 35 3 48 6 18 7 15 2
1 76 2 28 4 27 7 9 6
1 46 5 14 7 37 4 13 6
0 43 5 28 3 9 7 28 6
1 24 3 10 7 31 5 73 3
0 11 5 17 5 47 5 25 6
1 30 5 19 5 100 2 17 5
0 30 6 31 5 15 7 31 3
1 5 5 45 4 51 6 10 3
1 21 6 21 6 77 3 9 7
0 19 5 27 7 20 7 20 5
0 28 5 22 7 13 6 24 7
1 79 3 28 6 22 4 13 3
0 16 7 50 4 24 5 22 4
0 17 6 33 7 20 6 15 6
1 61 2 84 3 14 4 16 5
1 52 3 32 6 15 2 48 3
0 29 4 9 6 29 5 33 7
1 26 6 9 3 72 3 60 2
1 23 7 75 3 7 7 13 7
1 62 2 15 5 60 3 28 5
1 9 6 12 7 59 2 51 5
0 46 4 24 4 20 7 18 7
1 43 5 50 4 18 4 12 5
1 41 5 14 6 8 3 112 2
0 17 7 16 5 31 5 25 6
1 33 2 86 3 32 5 14 4
0 12 7 11 6 46 5 34 4
1 11 4 26 5 49 5 69 2
1 96 2 31 4 15 6 20 5
1 49 3 12 6 13 7 45 5
1 20 6 29 4 13 6 64 3
1 27 5 50 4 44 4 5 5
0 16 6 18 7 32 7 33 3
1 15 6 14 3 37 5 73 3
1 27 6 49 4 12 4 57 2
1 95 3 14 7 4 3 48 3
1 19 6 74 2 39 2 37 5
0 22 6 17 5 27 7 22 7
0 29 6 26 6 17 5 18 6
0 27 2 28 7 41 4 13 7
1 37 6 78 2 15 4 10 7
0 27 6 42 3 14 6 28 6
1 32 5 19 4 42 3 46 4
1 17 6 47 5 45 2 18 6
1 36 2 36 5 57 4 16 3
1 54 5 19 7 7 7 22 3
1 39 3 20 4 17 3 51 6
1 31 4 42 7 14 7 3 3
0 12 4 20 3 47 5 26 7
0 27 7 19 6 6 5 35 5
0 18 6 34 7 12 6 18 5
1 43 4 10 7 55 3 55 2
1 37 7 78 2 7 5 30 3
0 24 5 18 7 37 3 21 7
0 48 5 25 5 17 2 30 4
0 29 6 17 7 12 6 33 5
1 29 4 44 3 75 3 28 2
1 52 2 7 3 53 5 26 5
0 17 3 39 7 17 6 12 7
1 7 2 47 2 42 6 62 3
0 19 7 30 2 18 6 35 7
1 32 6 16 7 9 7 48 4
1 53 3 29 4 10 7 37 5
1 49 4 33 5 24 5 31 2
1 36 6 56 4 12 4 18 4
1 5 5 24 6 43 6 48 2
1 3 2 19 7 67 4 18 7
1 49 5 22 6 13 5 29 4
0 34 2 38 6 26 2 29 6
1 26 5 22 6 25 4 70 2
1 43 4 51 3 17 3 22 6
1 12 7 57 5 6 4 20 7
0 34 7 19 2 33 4 25 4
0 48 5 8 5 15 6 34 4
1 27 6 8 4 45 4 45 4
0 29 6 13 5 39 7 10 2
1 49 4 43 4 15 6 16 4
1 6 3 22 6 19 6 72 4
1 29 4 41 7 39 3 10 3
1 51 2 37 4 19 5 46 4
1 37 7 14 5 41 3 34 3
0 9 7 25 7 18 6 28 7
1 78 2 32 4 7 4 29 7
1 21 5 23 5 5 2 80 4
1 99 2 16 7 27 6 6 5
1 30 3 59 4 15 5 54 2
2 27 5 12 7 49 3 36 5
1 22 2 52 6 40 2 14 7
1 87 2 10 7 44 4 26 4
1 15 7 39 3 82 2 38 4
0 22 6 20 3 16 6 42 6
1 37 3 49 4 9 6 26 7
0 14 4 31 7 16 7 34 4
0 28 3 30 4 31 7 15 7
1 13 7 10 7 15 7 65 4
1 41 6 71 2 23 3 15 6
1 51 5 24 7 11 6 12 5
1 7 6 72 4 21 7 40 2
1 5 5 22 7 81 3 26 5
0 24 5 16 7 28 7 36 3
1 71 3 4 4 49 6 9 2
0 26 5 23 7 18 7 15 7
1 9 7 5 5 58 3 35 7
1 57 3 32 7 10 6 8 7
1 14 6 58 4 80 2 12 7
1 25 6 37 3 7 5 105 2
1 34 7 57 2 7 7 18 7
1 11 7 31 7 10 7 57 3
0 24 6 22 6 31 6 14 6
0 26 5 30 6 20 6 18 4
1 86 3 34 6 14 6 6 2
1 18 6 26 5 78 3 11 5
0 27 3 38 5 39 4 20 4
0 26 5 36 6 7 5 21 7
1 46 3 25 5 60 3 18 4
1 21 5 20 7 53 4 32 3
0 30 3 31 6 12 6 35 5
0 26 7 35 6 11 7 9 5
1 39 5 17 5 72 3 7 7
1 11 2 70 3 35 4 23 7
1 10 5 10 7 118 2 24 7
1 27 5 67 2 47 5 10 3
1 22 3 88 2 21 7 21 7
0 16 6 54 2 34 3 28 7
1 8 7 54 2 43 5 27 5
0 36 5 56 2 18 7 12 7
1 48 4 42 2 39 4 14 6
0 19 5 22 7 17 5 26 7
0 39 6 28 4 23 7 9 4
1 9 7 30 6 17 4 79 3
1 33 7 114 2 9 5 8 3
0 36 2 33 6 12 7 45 4
1 20 7 35 4 72 3 8 6
1 64 3 13 3 35 5 19 6
0 25 7 42 5 9 6 44 2
1 42 4 17 7 77 3 7 2
0 27 7 44 5 9 5 8 7
1 98 3 10 7 21 5 30 3
1 30 3 18 7 35 5 62 2
1 10 5 27 5 53 6 4 2
0 17 7 36 6 19 5 18 5
1 37 5 13 6 26 5 78 2
1 46 2 18 7 65 3 37 3
1 13 6 54 5 17 5 17 7
1 64 2 24 4 29 6 63 2
1 43 4 28 5 16 3 54 3
1 23 5 78 2 9 4 37 6
0 27 6 32 7 11 6 25 3
1 11 5 71 3 14 5 33 5
1 4 2 12 6 60 3 35 7
0 39 3 40 6 21 6 17 4
1 30 5 17 3 19 5 58 4
1 24 6 15 7 41 2 62 3
1 29 4 35 6 6 3 48 4
2 47 3 30 5 21 7 45 2
1 60 3 67 3 9 5 18 7
0 18 5 31 3 36 5 30 6
