0 24 16 31 31
1 30 16 79 12
1 45 23 40 10
0 57 16 21 21
0 37 27 60 6
1 34 30 69 6
1 23 1 36 36
1 95 10 30 16
1 44 12 31 31
0 43 23 21 21
0 35 25 56 9
0 24 22 37 22
1 37 20 91 8
1 24 18 34 31
0 19 16 34 30
1 42 26 20 14
0 30 16 30 30
0 32 12 33 32
1 51 4 41 31
0 52 15 36 18
0 34 22 30 22
1 14 14 87 13
0 38 18 36 20
1 32 27 57 11
1 41 33 23 3
0 32 31 22 21
1 91 8 31 20
1 60 11 65 11
0 33 20 57 13
1 83 11 65 7
1 62 7 32 32
1 83 4 62 17
0 22 19 31 31
1 19 19 42 25
0 22 13 35 30
0 41 21 26 23
2 69 12 26 21
0 61 12 26 24
1 53 21 37 10
0 28 25 32 22
1 37 28 54 8
0 31 31 25 17
1 43 18 113 5
0 32 27 24 21
0 25 22 34 23
1 100 9 43 11
1 36 36 13 2
0 41 18 25 25
1 41 3 43 28
1 33 33 27 13
1 39 31 80 3
0 20 20 31 31
1 34 34 79 3
0 24 24 31 27
1 52 8 98 10
0 23 20 44 22
1 34 34 90 3
0 27 25 27 26
1 68 16 23 16
0 44 14 38 21
1 58 5 87 12
0 21 20 32 32
1 23 6 36 36
0 42 18 54 12
1 37 37 27 1
1 63 9 39 23
1 33 33 16 15
1 36 34 21 11
0 36 12 53 18
1 55 12 33 25
1 47 6 35 34
0 32 18 35 23
1 20 18 42 25
0 45 10 32 31
0 38 17 43 17
0 31 26 32 20
1 97 6 46 17
1 46 24 19 17
0 31 27 42 15
0 31 30 25 17
0 28 19 30 30
1 11 4 66 21
1 11 10 36 36
0 38 18 33 22
0 28 28 29 23
0 61 13 42 14
1 52 10 31 31
0 31 31 22 21
0 49 8 33 31
1 33 33 29 12
1 62 4 39 29
0 67 11 43 14
1 29 25 76 9
1 24 7 34 34
0 23 23 40 20
0 47 16 52 11
1 35 20 92 8
1 34 29 61 8
1 13 6 37 37
0 24 20 68 13
0 22 21 66 13
1 140 9 23 9
0 45 9 39 24
1 19 15 77 15
0 25 24 28 28
1 44 28 17 13
1 78 8 39 19
0 33 20 29 23
1 35 31 43 7
1 27 14 119 9
1 35 35 22 6
0 51 12 28 27
1 39 29 27 12
1 41 28 21 15
1 17 8 120 11
0 29 27 37 17
0 29 29 68 7
0 24 14 32 32
0 29 21 33 26
1 91 8 28 22
0 20 17 35 29
1 103 12 28 4
0 31 31 40 11
0 30 28 25 20
0 38 23 43 11
1 36 36 24 4
1 27 15 84 12
0 30 17 31 31
0 36 11 37 25
1 46 5 43 27
1 29 29 80 7
1 22 15 38 28
1 42 29 21 10
1 71 4 90 12
1 64 5 34 34
1 58 3 38 34
0 35 27 25 15
0 44 18 27 21
1 111 9 25 16
0 29 26 31 22
0 29 27 32 21
1 19 9 38 33
0 28 22 29 29
1 27 4 69 18
1 113 5 33 27
0 32 31 47 8
1 76 3 44 27
1 98 12 30 6
2 66 10 60 11
1 10 6 37 37
1 65 18 46 5
0 46 14 40 19
1 36 27 73 6
1 28 17 63 15
1 45 18 80 7
1 53 22 54 4
0 39 19 49 14
1 81 10 51 13
1 117 4 38 25
1 61 15 35 16
0 31 20 43 20
0 36 14 30 30
1 22 18 34 32
0 26 23 35 23
1 27 26 71 10
0 27 24 28 28
0 37 21 26 23
1 81 6 56 16
0 27 16 30 30
0 31 14 45 22
1 19 15 36 32
0 41 11 31 31
0 33 9 37 28
1 46 7 40 29
0 71 11 26 22
1 37 33 46 4
1 50 25 76 3
0 39 21 29 23
0 34 17 57 13
0 38 18 32 24
0 31 17 31 30
1 41 32 22 7
1 33 17 113 7
1 100 7 31 20
0 29 19 32 29
0 38 16 29 28
1 88 8 30 25
0 42 21 59 8
1 20 9 35 35
1 39 35 99 1
0 36 19 73 9
1 35 19 59 14
0 29 29 51 10
1 84 7 77 10
1 47 15 79 9
1 135 8 21 14
2 27 26 46 17
1 34 34 25 13
1 31 13 62 16
1 47 30 8 3
0 31 22 27 26
1 86 9 36 17
1 35 35 13 12
1 37 27 42 11
1 19 18 35 31
1 26 9 34 34
0 55 8 31 31
1 72 5 58 18
0 35 29 37 12
1 52 6 33 33
0 48 8 52 19
2 61 11 28 27
0 27 20 33 25
1 33 31 98 3
1 68 11 60 12
1 41 30 38 6
0 28 25 27 27
1 37 32 110 2
2 43 17 68 9
1 84 12 37 11
1 34 32 20 20
1 36 36 22 7
1 37 37 5 5
0 30 20 59 13
1 21 17 58 19
0 59 6 33 31
1 45 25 31 11
1 65 6 52 19
1 53 21 23 12
0 28 13 53 19
0 40 16 32 26
0 31 16 43 20
1 33 33 30 8
0 29 21 27 27
1 29 29 108 6
1 58 11 33 25
0 32 16 30 30
0 26 21 30 30
1 31 31 83 6
1 38 29 31 7
1 33 33 26 10
0 31 28 25 20
1 31 31 105 4
0 30 16 65 14
0 35 15 38 21
0 33 19 28 28
1 37 37 30 4
1 43 26 41 8
1 33 33 65 4
0 30 23 28 28
0 39 26 33 13
1 28 16 87 10
1 49 23 28 12
1 51 10 93 10
1 75 12 29 18
1 41 30 29 7
1 42 19 86 8
1 35 35 12 11
1 19 13 37 32
0 25 20 53 16
1 57 14 85 7
0 27 24 26 26
1 80 5 81 12
0 42 18 32 21
1 39 28 43 6
1 36 35 44 2
0 45 17 28 24
1 22 15 72 14
1 65 11 33 22
1 34 32 48 6
0 29 22 32 25
0 35 23 29 23
1 24 11 40 27
1 37 37 42 2
0 33 31 40 8
0 58 13 41 16
1 36 31 33 7
2 37 17 74 10
1 10 8 37 34
0 21 17 51 19
1 98 6 29 29
1 47 15 37 21
1 17 7 36 34
1 19 16 37 32
0 29 29 26 24
1 33 24 59 11
1 56 19 41 9
0 32 32 26 13
1 63 12 63 11
1 102 7 32 23
1 16 16 44 25
0 29 29 32 17
1 39 21 74 9
0 32 30 28 18
1 6 6 39 36
0 26 18 49 18
1 39 10 47 22
1 40 29 26 12
0 47 20 47 10
1 24 13 38 28
