31 22 51 9 27 20
22 18 50 12 46 16
23 15 29 25 28 20
24 20 46 12 24 23
42 21 39 5 28 20
28 12 46 17 25 21
34 20 22 13 29 23
22 22 66 5 31 25
63 16 22 17 47 6
25 25 37 3 58 16
49 16 36 12 24 18
41 23 21 9 38 15
25 23 26 25 28 18
17 12 52 14 47 16
31 11 37 10 43 24
21 14 57 12 34 18
25 22 35 16 23 23
38 11 32 20 25 22
21 18 32 20 34 19
54 9 45 12 43 16
59 12 26 15 26 24
94 13 8 4 53 9
43 21 37 3 48 12
24 10 39 25 60 6
32 7 73 9 40 21
49 17 68 8 15 14
64 14 23 23 22 10
52 15 27 17 21 19
20 15 32 20 66 11
29 17 25 25 24 24
22 22 47 14 66 8
23 16 16 3 60 20
23 21 27 17 64 11
26 21 25 25 25 22
24 24 49 7 26 25
48 19 17 14 51 10
12 10 42 20 33 22
25 23 28 22 66 7
52 19 38 10 31 7
50 11 53 7 34 22
21 20 51 13 33 19
64 10 42 19 16 15
22 19 26 23 36 18
30 22 37 12 60 8
32 16 45 16 49 9
34 22 17 9 27 25
16 11 84 8 31 24
22 15 27 18 34 24
45 12 24 22 27 23
13 11 44 21 29 23
35 23 36 7 23 23
22 19 60 11 27 21
24 3 28 25 37 23
44 12 26 25 41 13
45 21 52 12 8 7
22 21 27 24 40 13
20 13 40 20 53 11
28 24 24 24 30 16
25 24 93 8 24 10
33 21 33 24 26 6
38 11 34 20 27 19
22 12 34 25 25 25
30 20 26 17 28 24
28 15 39 13 59 13
47 11 28 24 27 19
36 21 20 19 50 12
36 9 42 21 36 11
33 23 88 8 15 10
23 23 38 11 32 20
24 21 51 15 23 19
20 17 56 8 40 22
24 15 23 22 36 24
22 17 18 10 48 22
29 21 40 16 20 20
23 20 43 18 21 19
28 25 25 13 24 24
19 14 27 20 35 23
47 13 37 20 18 17
44 11 43 11 49 16
76 9 23 13 36 17
26 17 15 11 57 19
50 17 25 25 18 14
41 19 18 16 33 18
32 23 27 18 22 22
26 24 35 14 24 22
27 23 32 12 25 25
15 9 28 14 48 24
63 14 13 7 52 14
58 14 23 21 21 15
64 9 22 21 28 25
45 14 48 10 30 17
62 10 40 23 39 2
27 17 29 22 23 23
20 20 83 9 29 18
43 5 38 23 25 22
49 10 24 24 69 8
53 6 29 16 66 13
29 25 30 14 59 9
70 6 26 19 36 21
16 16 46 16 29 22
17 12 63 17 26 18
29 22 49 10 24 19
75 9 22 22 23 19
13 10 55 14 32 22
35 23 20 15 26 18
29 17 45 13 25 23
32 6 36 24 77 8
25 4 18 15 109 11
52 15 19 11 45 13
30 20 39 8 32 24
30 20 43 12 29 21
24 20 37 23 21 14
23 19 26 10 44 21
24 16 38 23 45 10
28 19 32 23 21 18
26 25 25 25 78 4
42 14 53 8 32 22
22 20 22 21 32 21
27 14 23 22 45 16
60 15 23 5 40 18
44 12 25 25 30 19
32 25 41 7 27 21
75 8 18 16 31 24
36 24 65 6 19 19
21 16 70 12 46 12
36 24 22 13 25 22
50 6 27 23 33 23
45 8 45 21 38 10
52 7 50 15 35 15
42 14 28 13 35 18
48 16 44 14 26 10
21 15 36 7 88 12
39 10 30 24 56 11
16 6 40 14 72 15
47 10 46 13 27 22
34 8 23 23 35 22
32 16 32 25 38 7
35 9 31 17 61 13
71 10 32 12 33 17
49 6 29 25 28 25
71 5 27 24 31 23
38 20 37 12 24 22
22 22 51 12 32 20
34 18 69 7 24 24
36 10 53 19 20 12
22 17 61 13 48 10
30 23 79 10 18 12
51 4 41 14 42 19
32 21 68 7 39 15
41 13 34 13 25 24
41 21 23 22 16 16
25 16 25 25 24 24
32 22 39 19 47 6
33 22 34 12 25 19
27 21 58 10 29 18
25 25 24 21 24 24
36 16 36 12 27 22
18 17 32 22 85 8
55 8 45 11 28 24
45 20 54 4 31 20
47 6 14 10 47 25
24 18 24 24 33 17
46 19 29 23 11 9
14 13 68 11 28 25
26 8 47 24 22 18
52 7 50 12 31 21
46 11 59 12 24 17
15 14 53 20 19 19
28 20 37 14 42 15
40 18 15 15 37 18
27 22 40 17 47 9
24 19 42 21 47 6
48 14 42 4 32 24
33 18 23 14 39 21
84 9 25 25 26 9
35 16 17 15 71 13
46 17 50 10 35 12
50 11 31 16 24 24
35 23 11 6 47 16
15 5 61 20 23 17
21 15 80 10 24 19
33 24 10 7 44 20
12 12 42 22 42 14
40 21 23 22 26 9
24 24 35 23 20 16
50 12 25 25 24 21
29 24 34 23 15 15
56 14 26 16 23 20
25 25 52 18 16 9
32 10 49 20 25 12
16 5 37 20 43 18
32 15 54 17 32 10
26 18 71 12 33 10
25 22 42 6 46 17
23 18 28 23 53 10
34 19 25 14 27 24
26 12 36 23 23 23
22 14 81 9 35 16
25 25 23 23 23 22
24 24 17 11 44 19
34 10 27 22 44 18
28 9 29 23 67 10
38 21 34 20 36 5
28 19 46 10 31 22
28 11 40 22 29 18
27 25 19 18 35 17
57 19 23 21 21 8
30 21 31 20 55 8
32 19 55 17 41 4
35 25 35 2 34 21
13 12 45 19 41 17
46 16 45 16 15 11
23 23 37 21 18 16
24 24 9 9 41 25
33 11 54 14 30 20
31 18 65 7 43 14
35 16 34 16 24 24
50 24 15 6 33 10
30 22 37 6 35 20
21 21 86 8 23 21
56 16 50 6 26 16
25 24 23 22 24 24
60 9 43 16 34 12
39 25 21 4 31 17
54 15 28 14 31 14
25 12 34 15 37 24
26 18 20 18 75 12
84 6 25 25 28 17
26 25 65 8 22 19
23 18 53 10 70 9
22 15 27 24 33 20
25 25 37 8 41 17
28 25 35 21 24 8
69 8 48 12 27 20
38 15 25 23 49 12
25 24 24 12 78 10
28 25 26 9 29 24
27 20 41 15 62 9
44 23 53 10 12 7
23 20 27 17 38 21
20 17 25 25 37 17
27 17 48 22 16 8
26 24 30 14 71 8
50 2 42 12 40 25
35 18 31 20 63 6
32 17 53 10 55 11
69 11 36 16 24 16
15 13 49 16 69 10
37 13 25 23 24 24
34 12 23 23 38 20
14 10 33 21 42 20
72 11 37 8 23 22
32 15 44 13 73 8
22 12 32 23 31 19
24 24 18 11 57 17
69 6 26 17 41 21
24 24 40 11 27 21
37 23 26 22 35 9
45 19 44 12 27 9
22 19 28 17 64 12
29 25 30 14 73 7
80 10 38 19 19 8
21 20 34 22 25 17
20 20 43 18 27 20
47 7 28 16 48 18
12 11 31 14 49 22
24 23 21 20 26 23
58 4 55 14 27 21
27 23 26 17 31 18
32 11 22 22 61 13
31 11 22 22 32 25
18 8 66 15 49 12
37 12 23 18 61 13
80 7 28 14 28 25
27 25 46 16 45 6
25 19 34 14 25 25
10 3 16 14 66 20
35 15 49 23 43 2
25 20 23 7 44 21
25 24 16 9 56 15
79 6 22 20 37 21
34 14 42 22 23 10
43 13 23 18 37 20
38 25 23 22 21 7
31 22 62 7 30 20
58 4 40 21 52 10
35 23 16 16 35 18
27 17 36 19 27 19
30 22 54 11 37 12
12 6 45 21 31 23
47 17 21 11 30 23
21 19 12 10 45 24
41 17 29 22 21 15
14 14 36 22 52 12
39 14 45 13 23 21
41 16 16 16 54 13
15 12 74 12 25 23
35 21 30 14 42 11
22 10 41 21 53 12
23 23 51 9 64 10
