13 13 75 2 18 12
26 9 17 5 18 11
33 4 29 10 15 7
10 2 12 12 31 12
16 6 36 8 12 10
19 4 18 18 13 12
63 4 14 11 37 4
16 16 18 7 14 9
11 6 75 4 30 5
24 11 12 10 13 12
49 2 21 9 17 14
27 7 18 10 18 10
18 12 8 8 88 3
53 6 27 4 18 6
17 17 18 6 54 3
12 10 91 3 27 6
15 14 75 2 15 13
16 13 16 12 11 10
12 12 20 10 14 14
20 19 9 8 12 5
34 2 17 17 24 8
43 4 10 6 17 17
31 3 18 18 13 10
28 7 16 11 22 7
35 6 14 14 76 2
25 2 27 12 26 7
22 15 20 7 16 3
30 5 20 10 67 3
19 18 59 2 18 4
13 13 13 12 14 14
68 2 47 7 9 9
29 4 19 19 15 4
10 9 5 4 20 20
15 11 17 14 13 8
20 20 13 3 15 6
19 19 18 5 19 3
13 10 14 14 15 15
13 8 14 14 54 4
15 15 38 6 23 3
21 10 25 10 18 4
17 15 31 2 17 12
17 17 14 11 21 4
44 3 14 14 51 4
21 9 33 4 15 15
15 6 16 16 41 5
32 2 8 3 21 21
15 14 22 9 29 4
23 9 13 12 15 11
11 9 14 14 16 16
16 13 31 5 14 14
13 13 26 10 42 2
34 8 36 5 9 7
60 4 18 8 13 13
18 15 16 10 11 10
74 2 15 15 26 7
12 11 22 11 33 5
17 13 13 12 18 10
21 21 17 3 15 2
17 4 18 18 24 7
33 3 15 15 14 14
8 6 31 11 20 6
19 15 16 11 12 8
56 3 9 7 18 17
15 11 28 3 46 6
16 13 24 9 14 8
12 11 13 13 16 16
28 8 47 5 12 6
13 11 10 9 40 7
39 3 77 2 18 16
25 13 27 2 15 11
11 10 37 8 34 3
39 2 20 13 21 10
8 4 23 13 14 13
39 4 18 18 20 4
14 14 20 7 14 13
14 14 42 4 12 12
13 11 16 6 20 15
49 6 35 2 13 11
17 9 22 10 36 5
29 3 21 15 16 9
6 5 61 3 23 13
21 3 17 17 32 5
16 16 12 11 26 6
22 7 65 2 39 6
13 13 41 5 15 11
7 3 19 19 25 6
87 2 13 13 30 6
15 3 25 5 21 16
14 14 110 2 13 11
7 7 19 19 53 2
11 6 20 19 36 3
16 16 13 11 13 12
48 3 13 11 17 16
25 12 34 4 13 8
44 2 16 16 27 6
18 5 21 13 28 7
25 10 16 6 55 3
11 11 23 10 17 9
15 6 19 19 12 9
17 17 11 7 14 11
72 3 13 10 25 7
7 3 16 12 17 17
42 5 8 5 18 16
20 12 11 10 32 6
13 11 14 14 38 5
8 4 23 8 23 13
53 2 15 13 29 7
14 12 14 11 48 4
17 17 15 6 18 9
16 16 15 14 9 9
80 3 12 12 18 8
23 4 21 17 11 8
84 2 13 12 43 5
14 9 25 13 21 5
21 12 53 2 16 11
15 15 23 10 15 6
22 4 24 11 15 11
21 3 20 20 9 7
35 5 12 12 16 14
31 3 93 3 16 11
4 2 11 4 22 22
14 12 18 15 12 6
21 21 15 3 7 7
8 6 13 13 17 17
20 12 22 11 11 7
12 11 12 12 71 4
31 11 16 5 11 11
8 7 21 11 27 10
16 16 15 15 8 6
17 17 21 9 12 6
15 15 24 11 27 2
55 6 28 3 11 11
42 2 20 20 15 2
31 9 34 2 20 10
17 9 17 9 33 7
104 2 30 9 8 7
28 9 13 11 17 9
11 7 18 18 12 10
23 12 22 9 25 3
110 2 15 13 20 6
17 8 66 3 14 14
17 8 32 9 32 3
13 9 18 13 28 6
39 3 11 8 29 11
12 12 13 10 118 2
110 2 13 13 14 12
23 3 27 4 24 15
68 2 23 9 17 11
15 8 35 6 15 15
39 3 14 14 14 14
18 18 12 11 10 10
26 6 15 15 13 12
20 17 8 7 18 9
27 6 23 4 23 12
20 13 14 14 9 7
13 13 17 16 22 5
19 19 24 4 10 7
15 15 18 14 18 4
19 11 17 17 8 6
12 11 13 6 18 18
20 9 29 8 12 12
31 4 67 3 15 14
28 5 13 12 55 4
14 13 12 9 15 15
26 7 24 10 16 7
16 16 14 8 13 13
20 7 18 12 13 13
16 13 15 5 81 3
29 4 18 10 27 8
15 12 15 14 13 13
17 16 12 12 48 2
15 15 17 13 25 4
7 4 25 12 47 4
19 19 8 6 14 8
17 17 45 2 39 4
19 19 66 2 9 7
14 13 21 13 14 4
20 20 47 3 7 2
19 10 23 13 16 3
16 15 31 2 15 14
14 6 34 7 20 10
13 9 70 2 32 9
50 6 14 14 7 7
16 16 7 6 16 16
50 3 8 8 20 17
14 14 49 4 43 3
76 2 17 8 17 15
12 7 13 10 19 18
21 10 12 12 19 8
15 14 37 5 68 2
37 4 9 5 18 18
10 7 16 15 20 11
16 11 31 5 15 15
15 15 12 6 26 9
23 6 26 5 18 16
12 11 20 16 25 4
17 8 13 5 44 7
19 13 52 3 57 2
19 14 11 11 51 3
34 10 16 3 15 11
14 14 25 8 13 10
66 3 17 13 15 8
20 14 35 4 12 9
9 8 10 10 19 19
16 8 15 15 23 8
22 5 14 10 17 17
19 8 20 17 6 6
19 10 18 18 6 5
19 19 48 2 22 4
33 4 74 3 15 10
19 9 64 4 14 7
8 5 21 21 15 5
32 11 25 4 8 7
20 15 9 8 23 7
18 12 28 9 21 3
26 4 36 8 21 6
16 16 8 3 18 15
12 11 6 6 19 19
21 18 6 5 34 3
30 10 11 10 13 8
37 4 9 2 21 18
17 7 59 5 12 12
13 7 15 15 24 9
22 13 54 2 13 9
9 8 29 11 16 9
11 11 19 2 20 20
15 13 17 14 9 9
58 7 8 7 23 3
23 12 11 8 15 13
17 8 40 3 17 17
10 9 18 6 41 8
14 14 31 6 19 9
19 16 13 9 16 8
24 9 14 10 14 14
8 6 26 16 14 6
13 13 23 10 16 9
15 6 39 8 13 8
44 6 19 10 9 8
14 11 11 9 35 8
20 9 23 11 11 10
12 12 45 2 25 12
16 3 23 13 16 10
27 6 50 2 16 15
16 16 37 7 6 6
14 5 16 13 15 15
13 13 14 11 15 14
42 6 66 3 9 9
34 8 20 10 7 7
23 14 24 6 11 8
24 6 15 15 13 12
11 10 60 3 16 16
14 10 13 9 37 7
17 5 15 13 18 13
13 13 10 8 37 7
21 3 17 9 22 13
18 7 12 9 18 18
15 12 17 7 37 6
11 9 48 2 19 19
22 8 12 10 28 9
13 13 34 7 24 5
9 7 13 11 20 17
19 6 13 13 17 16
28 10 11 6 15 14
42 4 28 8 14 11
15 8 24 7 17 15
14 14 17 10 26 7
19 8 22 15 15 4
10 7 12 9 18 18
18 7 17 17 12 12
26 9 18 11 14 8
11 11 16 16 14 12
11 9 52 4 26 8
8 5 20 17 12 11
14 7 16 9 22 13
9 8 18 18 16 7
58 3 42 5 13 13
16 6 15 15 14 14
79 2 14 11 15 13
33 9 10 4 42 4
30 10 22 6 14 9
19 13 16 10 21 6
16 15 13 11 13 11
20 7 17 9 20 13
20 9 7 4 19 18
15 14 23 12 13 5
11 11 26 9 27 7
21 9 32 4 22 11
17 14 30 7 9 8
17 16 43 3 15 8
27 8 15 15 13 8
45 8 32 2 18 6
17 5 40 4 17 17
22 10 12 12 36 4
19 19 9 7 9 9
33 7 19 3 16 15
16 13 54 4 14 6
17 8 40 7 63 2
16 13 28 7 16 9
34 6 14 14 14 8
27 7 11 10 35 6
