30 12
38 9
40 8
32 11
27 13
51 7
20 18
23 15
19 17
22 15
21 16
53 7
19 19
28 12
18 18
41 8
21 17
26 14
40 9
46 8
42 8
37 10
24 15
35 10
19 18
47 7
26 13
33 10
22 16
21 15
25 13
28 13
23 14
37 9
20 16
20 17
24 14
65 5
66 5
64 5
45 7
46 7
30 11
61 6
68 5
33 11
60 6
86 4
87 4
71 5
69 5
74 5
53 6
48 7
32 10
23 16
25 14
29 11
49 7
31 11
108 3
35 9
34 10
44 8
81 4
58 6
54 6
43 8
45 8
88 4
73 5
91 4
36 10
83 4
70 5
63 5
50 7
27 12
90 4
92 4
36 9
39 9
107 3
105 3
29 12
41 9
55 6
85 4
72 5
79 4
52 7
80 4
67 5
57 6
59 6
82 4
84 4
106 3
89 4
56 6
109 3
