24 16 31 31
30 16 79 12
45 23 40 10
57 16 21 21
37 27 60 6
34 30 69 6
23 1 36 36
95 10 30 16
44 12 31 31
43 23 21 21
35 25 56 9
24 22 37 22
37 20 91 8
24 18 34 31
19 16 34 30
42 26 20 14
30 16 30 30
32 12 33 32
51 4 41 31
52 15 36 18
34 22 30 22
14 14 87 13
38 18 36 20
32 27 57 11
41 33 23 3
32 31 22 21
91 8 31 20
60 11 65 11
33 20 57 13
83 11 65 7
62 7 32 32
83 4 62 17
22 19 31 31
19 19 42 25
22 13 35 30
41 21 26 23
69 12 26 21
61 12 26 24
53 21 37 10
28 25 32 22
37 28 54 8
31 31 25 17
43 18 113 5
32 27 24 21
25 22 34 23
100 9 43 11
36 36 13 2
41 18 25 25
41 3 43 28
33 33 27 13
39 31 80 3
20 20 31 31
34 34 79 3
24 24 31 27
52 8 98 10
23 20 44 22
34 34 90 3
27 25 27 26
68 16 23 16
44 14 38 21
58 5 87 12
21 20 32 32
23 6 36 36
42 18 54 12
37 37 27 1
63 9 39 23
33 33 16 15
36 34 21 11
36 12 53 18
55 12 33 25
47 6 35 34
32 18 35 23
20 18 42 25
45 10 32 31
38 17 43 17
31 26 32 20
97 6 46 17
46 24 19 17
31 27 42 15
31 30 25 17
28 19 30 30
11 4 66 21
11 10 36 36
38 18 33 22
28 28 29 23
61 13 42 14
52 10 31 31
31 31 22 21
49 8 33 31
33 33 29 12
62 4 39 29
67 11 43 14
29 25 76 9
24 7 34 34
23 23 40 20
47 16 52 11
35 20 92 8
34 29 61 8
13 6 37 37
24 20 68 13
22 21 66 13
140 9 23 9
45 9 39 24
19 15 77 15
25 24 28 28
44 28 17 13
78 8 39 19
33 20 29 23
35 31 43 7
27 14 119 9
35 35 22 6
51 12 28 27
39 29 27 12
41 28 21 15
17 8 120 11
29 27 37 17
29 29 68 7
24 14 32 32
29 21 33 26
91 8 28 22
20 17 35 29
103 12 28 4
31 31 40 11
30 28 25 20
38 23 43 11
36 36 24 4
27 15 84 12
30 17 31 31
36 11 37 25
46 5 43 27
29 29 80 7
22 15 38 28
42 29 21 10
71 4 90 12
64 5 34 34
58 3 38 34
35 27 25 15
44 18 27 21
111 9 25 16
29 26 31 22
29 27 32 21
19 9 38 33
28 22 29 29
27 4 69 18
113 5 33 27
32 31 47 8
76 3 44 27
98 12 30 6
66 10 60 11
10 6 37 37
65 18 46 5
46 14 40 19
36 27 73 6
28 17 63 15
45 18 80 7
53 22 54 4
39 19 49 14
81 10 51 13
117 4 38 25
61 15 35 16
31 20 43 20
36 14 30 30
22 18 34 32
26 23 35 23
27 26 71 10
27 24 28 28
37 21 26 23
81 6 56 16
27 16 30 30
31 14 45 22
19 15 36 32
41 11 31 31
33 9 37 28
46 7 40 29
71 11 26 22
37 33 46 4
50 25 76 3
39 21 29 23
34 17 57 13
38 18 32 24
31 17 31 30
41 32 22 7
33 17 113 7
100 7 31 20
29 19 32 29
38 16 29 28
88 8 30 25
42 21 59 8
20 9 35 35
39 35 99 1
36 19 73 9
35 19 59 14
29 29 51 10
84 7 77 10
47 15 79 9
135 8 21 14
27 26 46 17
34 34 25 13
31 13 62 16
47 30 8 3
31 22 27 26
86 9 36 17
35 35 13 12
37 27 42 11
19 18 35 31
26 9 34 34
55 8 31 31
72 5 58 18
35 29 37 12
52 6 33 33
48 8 52 19
61 11 28 27
27 20 33 25
33 31 98 3
68 11 60 12
41 30 38 6
28 25 27 27
37 32 110 2
43 17 68 9
84 12 37 11
34 32 20 20
36 36 22 7
37 37 5 5
30 20 59 13
21 17 58 19
59 6 33 31
45 25 31 11
65 6 52 19
53 21 23 12
28 13 53 19
40 16 32 26
31 16 43 20
33 33 30 8
29 21 27 27
29 29 108 6
58 11 33 25
32 16 30 30
26 21 30 30
31 31 83 6
38 29 31 7
33 33 26 10
31 28 25 20
31 31 105 4
30 16 65 14
35 15 38 21
33 19 28 28
37 37 30 4
43 26 41 8
33 33 65 4
30 23 28 28
39 26 33 13
28 16 87 10
49 23 28 12
51 10 93 10
75 12 29 18
41 30 29 7
42 19 86 8
35 35 12 11
19 13 37 32
25 20 53 16
57 14 85 7
27 24 26 26
80 5 81 12
42 18 32 21
39 28 43 6
36 35 44 2
45 17 28 24
22 15 72 14
65 11 33 22
34 32 48 6
29 22 32 25
35 23 29 23
24 11 40 27
37 37 42 2
33 31 40 8
58 13 41 16
36 31 33 7
37 17 74 10
10 8 37 34
21 17 51 19
98 6 29 29
47 15 37 21
17 7 36 34
19 16 37 32
29 29 26 24
33 24 59 11
56 19 41 9
32 32 26 13
63 12 63 11
102 7 32 23
16 16 44 25
29 29 32 17
39 21 74 9
32 30 28 18
6 6 39 36
26 18 49 18
39 10 47 22
40 29 26 12
47 20 47 10
24 13 38 28
