191 51
94 92
113 84
234 42
120 79
94 90
185 47
108 87
174 56
102 97
105 83
158 56
99 99
152 66
224 44
106 81
206 48
109 87
234 37
117 77
174 57
202 44
130 70
182 51
228 38
132 66
137 71
176 57
137 63
166 56
142 61
138 71
114 83
157 59
115 82
179 52
194 46
140 70
140 63
136 65
103 88
144 61
102 96
164 58
213 41
187 53
156 55
172 55
170 59
254 37
145 65
186 47
192 50
127 71
135 74
230 43
102 85
122 71
108 92
125 72
96 91
101 85
169 59
131 67
117 85
159 56
109 82
163 57
119 81
105 95
158 60
152 62
196 50
254 34
159 57
168 59
199 46
232 42
103 86
164 54
101 84
242 38
128 72
171 50
107 81
163 58
101 93
118 80
134 66
110 79
162 60
93 92
142 66
133 66
209 46
106 92
198 44
97 92
106 82
110 85
