67 43
55 51
68 43
155 19
74 42
141 21
64 43
55 48
175 16
98 28
74 41
73 41
52 50
115 26
90 33
84 31
249 12
60 46
98 27
134 20
198 14
254 12
78 37
127 22
66 46
137 21
54 52
106 29
129 21
241 11
66 40
69 45
106 28
114 23
111 25
218 14
248 12
62 46
85 31
177 16
138 21
113 25
81 38
201 15
231 12
63 42
52 52
85 35
89 30
83 36
137 20
147 19
91 34
63 46
64 47
70 37
123 22
53 53
79 37
61 50
110 28
52 51
58 53
126 23
65 43
56 50
91 32
67 42
167 17
94 32
65 46
72 43
58 52
68 41
138 19
130 23
62 49
120 24
96 28
106 27
54 54
61 48
65 41
59 49
76 34
69 43
155 18
203 15
59 47
228 13
139 21
102 30
55 54
101 26
81 33
98 30
74 35
120 25
59 50
68 45
