36 29
104 9
60 17
151 6
88 11
128 8
33 28
38 25
48 21
75 14
36 28
108 9
113 9
46 22
37 24
33 27
116 8
35 28
62 15
91 11
131 8
66 15
80 12
102 9
35 29
31 30
128 7
35 30
55 17
56 16
31 29
34 27
34 29
47 22
90 11
41 24
56 18
37 27
81 11
35 26
37 25
71 13
68 13
50 20
116 9
106 9
123 8
146 7
35 27
105 9
73 13
64 14
63 15
31 31
32 32
46 20
33 30
157 6
81 12
94 11
84 12
42 22
54 19
62 16
67 14
83 11
83 12
49 18
88 10
36 27
126 8
49 19
40 23
39 26
32 31
54 18
77 12
51 18
63 14
130 7
33 29
40 24
99 10
135 7
45 22
129 8
86 12
44 21
33 31
34 30
89 11
74 13
42 21
110 9
74 12
40 25
58 17
45 21
44 22
45 23
101 10
78 13
41 23
50 18
52 19
42 23
41 22
58 18
40 22
32 29
39 24
159 6
48 19
115 9
52 17
38 26
76 13
110 8
41 25
34 26
57 18
52 18
44 20
69 13
61 17
52 20
55 16
68 14
69 15
59 17
95 11
96 10
73 14
39 25
131 7
30 30
42 24
124 8
121 8
51 19
56 17
87 12
57 17
43 24
36 25
117 8
84 11
47 19
148 7
47 21
60 16
125 8
32 28
87 11
45 20
39 23
55 18
40 26
48 20
38 27
158 6
42 25
43 21
112 9
92 11
82 11
145 7
57 16
32 30
37 28
49 20
58 16
85 11
127 7
72 13
53 18
54 17
136 7
63 16
69 14
47 20
65 14
140 7
149 7
137 7
46 21
43 22
101 9
104 10
65 15
50 21
36 26
142 7
161 6
94 10
38 24
70 14
147 7
75 13
68 15
70 15
115 8
50 19
51 20
37 26
150 7
155 6
66 14
67 15
113 8
126 7
107 9
100 9
138 7
132 7
80 13
133 7
78 12
129 7
44 23
61 16
112 8
105 10
90 10
43 23
34 28
119 8
59 15
70 13
152 6
98 10
77 13
120 8
71 14
93 10
153 6
60 15
64 16
95 10
111 8
53 17
147 6
59 16
55 19
65 16
76 12
160 6
53 19
149 6
102 10
80 11
91 10
79 12
61 15
49 21
85 12
86 11
103 9
82 12
154 6
118 8
64 15
89 10
93 11
75 12
79 13
156 6
144 7
97 10
74 14
111 9
72 14
100 10
130 8
114 8
122 8
143 7
99 9
98 9
103 10
141 7
114 9
162 6
92 10
109 9
127 8
139 7
134 7
148 6
150 6
