6 3 12 3
50 1 2 2
8 6 3 2
10 3 11 2
7 5 5 4
10 2 7 5
5 5 8 4
4 4 41 1
3 1 7 7
4 2 11 4
4 4 7 6
6 5 9 3
10 4 14 1
17 1 10 4
17 1 13 3
25 1 6 5
6 6 10 2
16 3 3 3
5 4 9 4
35 1 21 1
1 1 8 7
4 3 9 5
5 3 7 6
7 7 3 3
6 4 6 5
5 5 6 5
27 1 28 1
5 3 14 3
7 4 6 5
6 6 5 4
4 4 6 6
13 3 13 1
37 1 19 1
12 2 34 1
6 6 20 1
3 3 8 6
16 2 22 1
7 2 21 2
6 5 11 2
25 1 8 4
14 2 5 5
28 1 7 4
35 1 5 4
12 2 7 4
7 7 4 2
18 2 5 4
18 2 10 2
6 6 11 2
6 2 14 3
8 4 7 3
7 3 12 3
7 4 9 3
7 4 30 1
16 1 38 1
6 2 23 2
6 6 9 2
19 2 5 4
14 2 24 1
4 4 21 2
37 1 15 1
5 4 8 4
26 2 3 1
38 1 10 2
12 1 8 5
11 2 17 2
11 5 2 1
10 3 6 4
4 1 24 2
8 2 6 6
9 4 9 2
11 3 10 2
24 1 17 2
9 2 18 2
25 1 27 1
11 2 9 4
21 1 6 6
10 3 14 2
7 3 6 6
9 4 8 2
5 5 29 1
6 4 7 4
6 4 15 2
13 3 7 2
7 7 4 1
13 1 15 3
6 6 22 1
6 3 6 6
7 7 3 2
9 6 1 1
3 2 12 4
7 6 8 2
6 5 26 1
15 2 14 2
8 3 14 2
9 3 5 5
5 1 7 7
6 3 19 2
4 1 51 1
4 1 50 1
12 1 11 4
10 3 8 3
11 4 13 1
11 4 4 3
35 1 6 3
11 2 30 1
10 4 6 3
2 2 51 1
5 3 8 5
2 2 7 7
7 5 7 3
33 1 5 5
8 3 30 1
6 1 8 6
12 2 6 5
29 1 8 3
21 1 7 5
8 4 8 3
7 7 7 1
7 4 15 2
4 3 10 4
4 1 8 6
6 5 23 1
44 1 4 2
5 4 34 1
7 3 17 2
8 4 26 1
2 1 26 2
8 3 11 3
11 3 21 1
37 1 16 1
7 5 9 2
8 6 4 2
10 1 8 6
9 5 8 1
12 2 10 3
19 2 10 2
7 7 9 1
5 4 11 3
6 4 30 1
7 2 19 2
7 4 7 4
13 2 8 4
31 1 6 4
8 5 4 4
5 5 32 1
8 1 7 7
28 1 8 3
8 4 6 4
6 4 29 1
6 6 17 1
7 4 8 3
9 4 21 1
13 4 5 1
9 5 6 2
7 6 7 2
7 4 14 2
5 5 7 4
4 4 14 3
8 1 11 4
5 5 10 3
5 5 15 2
7 7 6 1
10 4 8 2
15 3 5 2
13 2 9 3
13 3 9 2
9 4 4 4
10 1 9 5
12 3 21 1
6 3 8 5
26 1 26 1
9 3 29 1
11 1 7 6
26 1 10 3
6 1 17 3
7 6 12 1
4 2 10 5
14 3 5 2
12 4 4 2
6 3 20 2
21 2 6 2
35 1 23 1
7 5 19 1
37 1 4 4
7 6 14 1
12 2 16 2
7 2 11 4
6 3 13 3
5 5 16 2
7 3 18 2
11 2 7 5
7 6 6 2
10 4 4 4
27 1 9 3
28 1 15 2
11 3 5 5
52 1 4 1
11 3 20 1
7 6 4 3
22 1 8 4
16 1 18 2
6 5 27 1
4 3 15 3
15 1 41 1
4 2 9 5
18 1 12 3
14 3 14 1
4 1 10 5
5 1 51 1
1 1 14 4
7 5 23 1
15 2 9 3
24 1 6 5
27 1 5 5
11 5 1 1
8 3 6 5
13 3 4 4
10 2 8 4
5 2 11 4
43 1 4 3
6 3 34 1
44 1 10 1
17 1 8 5
19 1 6 6
11 1 21 2
7 2 14 3
38 1 5 3
10 4 16 1
29 1 12 2
7 5 20 1
8 5 8 2
6 3 7 5
9 2 10 4
3 3 9 5
8 7 2 1
12 4 10 1
9 2 35 1
5 3 20 2
17 2 6 4
3 2 26 2
7 4 24 1
5 3 43 1
31 1 22 1
12 2 30 1
11 3 6 4
13 4 3 1
9 3 14 2
5 2 7 6
7 3 16 2
4 2 49 1
8 6 7 1
2 2 9 6
13 2 16 2
23 1 17 2
28 1 10 3
20 2 6 2
14 2 6 5
16 3 3 2
19 1 9 4
2 2 52 1
6 6 18 1
5 3 10 4
31 1 25 1
8 1 15 3
21 2 10 1
13 3 5 3
10 3 9 3
10 1 16 3
16 1 13 3
