10 10 9 5 7 7
8 8 9 7 8 8
22 5 26 2 9 4
5 4 11 7 10 10
12 9 10 6 14 2
10 10 24 2 19 3
11 8 9 9 11 3
10 5 12 8 8 7
9 9 8 8 9 5
23 3 3 2 26 5
12 5 11 11 4 4
11 10 7 5 10 5
11 8 28 2 16 4
7 4 20 3 11 11
4 3 13 10 19 3
11 7 8 8 10 6
8 8 9 9 10 6
8 8 10 9 8 5
13 5 16 7 6 5
12 7 9 9 10 4
12 11 19 3 3 3
8 8 9 6 9 9
8 8 10 2 13 9
16 6 8 5 8 8
11 11 6 5 7 7
26 2 8 8 9 9
7 6 10 7 24 4
14 6 6 4 10 10
10 8 8 8 16 3
30 3 5 4 12 7
9 9 11 7 6 6
6 5 12 7 9 9
19 3 9 9 18 3
3 2 35 3 10 8
8 8 10 7 8 8
9 8 3 2 11 11
8 7 28 3 8 8
15 4 6 5 55 2
7 6 12 12 5 3
21 2 11 11 6 5
10 3 14 5 10 9
9 9 17 3 9 8
6 3 17 7 10 6
7 7 15 5 9 9
11 5 14 8 6 5
9 5 20 3 10 10
11 6 8 4 10 10
51 2 9 8 17 2
8 7 15 6 9 5
9 9 7 4 13 7
7 6 11 2 13 10
11 11 7 4 10 6
4 3 4 4 13 13
8 7 62 2 13 2
11 8 10 10 5 3
13 3 13 7 35 2
12 12 22 2 7 3
14 3 10 10 8 7
10 10 8 8 19 2
12 12 6 5 11 2
10 10 9 9 4 3
7 7 8 8 10 8
10 7 8 4 10 10
11 11 5 4 15 4
13 5 18 2 13 7
8 8 7 7 9 9
9 8 8 3 10 10
8 6 13 6 8 8
7 7 11 11 6 6
13 4 11 6 11 8
11 11 8 6 7 3
11 6 11 8 14 3
21 2 44 2 35 2
10 10 8 8 21 2
26 4 5 2 9 9
10 6 7 6 14 7
12 6 10 10 9 2
17 3 8 8 14 6
14 3 7 4 11 11
5 5 10 10 12 7
9 9 13 4 24 3
12 9 9 7 12 2
16 5 15 6 19 2
12 12 7 6 3 2
10 6 9 8 9 8
30 3 25 2 11 5
8 8 6 3 11 11
11 5 16 6 10 4
9 9 25 3 19 2
6 6 19 4 10 9
12 9 6 2 10 7
47 2 6 6 24 3
11 8 9 9 13 3
8 7 15 4 19 4
22 2 10 10 11 5
13 7 10 2 14 6
11 9 10 7 6 6
13 9 14 3 10 5
15 3 17 2 11 11
7 6 19 7 11 3
15 4 15 3 10 10
7 6 8 8 10 10
11 11 6 2 9 7
9 9 8 7 8 8
9 5 7 7 25 4
12 8 7 5 12 5
12 12 6 6 6 2
19 5 15 4 6 6
12 7 5 5 11 9
7 3 11 11 15 4
12 11 7 6 6 3
9 9 23 3 7 6
8 5 10 7 13 7
16 3 39 2 11 6
11 6 12 6 30 2
6 4 9 8 10 10
11 11 10 5 5 4
18 4 15 5 16 3
11 5 9 9 12 5
8 7 20 3 46 2
6 4 11 8 12 8
7 5 13 5 10 10
8 6 43 2 8 8
13 2 23 2 11 11
31 3 9 9 4 4
8 7 10 7 9 8
9 8 10 10 6 5
30 2 9 8 8 8
9 9 9 9 7 6
10 7 10 5 37 2
9 5 9 9 13 5
12 4 16 3 11 9
21 3 39 3 4 4
9 6 13 8 7 6
9 9 9 4 13 6
30 2 7 6 10 10
19 5 32 2 7 7
8 8 18 4 11 6
29 3 10 6 11 5
14 3 12 7 8 8
8 7 15 3 10 10
8 8 7 7 27 3
9 6 11 4 12 9
24 3 16 5 18 3
7 4 9 3 12 12
8 7 11 7 13 5
7 7 10 10 15 4
11 7 11 9 9 3
21 4 5 5 42 2
16 8 13 3 9 3
24 3 9 9 10 5
10 10 9 9 6 4
9 7 40 2 8 8
13 9 11 5 6 6
16 3 36 2 14 5
7 7 12 9 13 3
9 7 7 6 10 10
28 3 8 8 10 5
8 8 9 2 11 11
14 5 6 4 13 8
10 10 5 5 11 7
6 2 9 9 10 10
8 2 10 10 9 9
15 4 8 6 11 8
8 6 16 3 10 10
40 2 5 5 14 7
10 10 10 2 12 7
10 4 9 7 10 10
10 10 9 9 4 4
6 4 10 9 23 4
16 7 10 5 6 5
2 2 14 4 12 12
5 4 12 5 13 9
9 9 11 6 23 2
11 10 14 5 7 3
12 2 11 11 10 5
10 8 8 8 8 8
11 11 25 2 6 5
6 5 13 6 10 10
10 8 17 2 10 9
8 8 13 5 17 4
13 7 9 9 16 2
10 4 11 11 9 5
12 3 15 7 20 3
21 4 30 2 18 3
4 3 15 5 13 8
16 3 11 5 10 10
15 6 18 5 5 2
6 4 8 7 13 9
11 5 9 5 10 10
9 9 8 3 11 9
28 3 12 5 13 5
8 8 8 8 9 8
16 5 23 3 9 5
11 4 12 12 3 2
44 2 9 9 18 2
16 4 9 9 8 8
10 6 9 9 18 3
8 7 9 9 17 4
5 5 22 4 31 3
6 6 8 4 63 2
8 6 28 2 10 9
10 9 15 3 10 7
31 2 10 10 8 5
8 6 11 11 8 4
25 2 6 3 12 11
5 4 12 12 17 2
7 3 37 2 12 8
14 5 22 2 12 7
3 2 10 10 10 10
4 3 39 2 10 10
7 6 20 5 8 6
10 10 8 8 6 6
11 4 13 10 7 5
7 5 10 7 25 4
10 9 28 3 10 3
14 4 10 10 14 3
18 6 11 5 9 4
7 2 9 9 10 10
64 2 7 7 14 2
36 2 8 7 16 4
12 12 6 2 8 5
25 3 8 8 16 4
7 7 10 8 10 7
13 4 6 6 11 11
12 9 14 4 11 4
9 7 6 6 10 10
11 11 7 7 12 3
9 6 10 10 6 6
28 4 16 3 11 3
13 8 15 5 6 4
8 7 17 5 28 2
8 8 11 8 11 4
11 6 8 6 11 7
9 6 11 4 11 9
17 5 10 6 13 4
15 3 8 8 10 10
9 5 17 7 13 3
33 2 11 7 29 2
5 5 51 2 9 7
12 12 7 3 7 6
7 6 22 5 11 5
5 5 10 10 14 6
10 9 7 7 10 6
3 2 12 12 7 7
5 2 6 4 13 13
13 5 10 9 9 5
11 3 11 11 10 5
14 7 21 3 8 4
52 2 10 10 2 2
9 5 15 6 14 4
4 2 15 8 10 7
17 7 8 8 3 3
11 7 10 9 6 6
9 3 9 9 12 7
8 6 9 5 10 10
9 6 14 2 11 11
16 4 8 8 12 6
11 10 8 4 16 4
16 2 9 9 27 3
7 5 12 9 8 8
11 10 6 5 32 2
5 4 3 3 13 13
9 6 7 7 17 6
6 4 11 11 9 6
8 7 10 9 9 6
10 7 14 6 10 5
11 11 4 4 9 7
23 2 5 5 11 11
13 9 17 2 13 4
11 5 7 6 10 10
8 8 10 5 11 8
14 5 13 6 8 6
8 8 11 4 10 9
8 7 12 8 9 6
16 6 10 4 27 2
14 8 13 6 4 3
9 9 16 6 6 5
7 7 11 8 12 5
14 2 13 8 19 4
12 12 10 4 5 2
18 3 10 10 7 6
24 3 7 5 18 5
9 9 11 9 7 4
8 8 64 2 3 3
8 8 38 2 11 6
10 4 11 11 11 4
14 7 5 5 38 2
23 5 16 2 16 3
10 4 22 6 15 2
25 2 9 9 8 8
15 4 10 10 8 5
11 5 8 8 9 9
7 7 9 8 9 9
11 3 11 9 9 7
10 10 4 4 20 4
11 11 7 6 21 2
9 3 51 2 10 7
8 7 10 7 8 8
24 5 11 2 13 5
