19 15 36 4
20 8 26 10
14 7 28 13
24 18 6 5
16 15 18 10
5 5 20 20
92 1 28 13
6 2 21 21
61 4 16 12
38 8 22 7
47 5 71 3
10 9 24 14
15 14 40 6
19 2 67 6
39 8 13 11
11 7 21 18
14 13 24 11
63 6 8 6
14 8 24 13
10 1 44 10
24 7 20 14
27 4 19 19
29 10 87 2
36 6 18 13
13 12 31 10
18 15 15 13
10 10 22 16
22 19 40 1
12 12 18 16
6 6 55 7
62 2 26 13
15 6 32 11
18 16 13 11
50 7 13 5
14 11 18 15
38 8 63 2
34 8 12 12
17 12 71 3
38 6 36 6
20 20 31 1
29 9 24 8
19 6 23 14
19 15 14 12
16 12 35 7
19 19 53 1
33 5 59 5
71 3 24 9
24 10 22 8
24 16 11 4
29 7 17 15
25 8 38 7
50 5 44 4
17 5 19 19
10 6 38 10
40 8 68 2
11 10 22 16
19 11 35 6
19 15 14 13
37 6 16 15
22 15 35 4
20 18 15 4
18 14 24 9
16 5 45 8
21 10 20 12
95 1 23 14
84 1 27 14
32 3 27 12
22 18 8 4
19 17 21 7
82 5 3 1
11 6 35 10
11 11 19 17
53 6 15 8
8 7 20 20
27 13 17 7
16 12 18 14
27 2 32 12
12 12 26 11
24 15 12 7
49 5 16 13
27 6 16 16
58 2 19 16
20 19 16 4
6 4 36 12
25 4 19 19
16 13 17 14
17 7 19 17
16 16 36 5
17 16 27 7
58 4 15 15
25 5 26 12
16 14 16 13
42 1 35 11
14 10 17 17
15 12 16 16
38 8 11 10
72 4 13 11
35 11 13 4
52 1 54 7
31 6 17 15
22 6 24 13
25 14 13 9
23 12 25 6
15 9 20 14
19 14 22 7
18 17 34 4
21 5 18 18
15 4 54 7
78 2 19 14
33 6 42 6
5 5 24 18
22 16 25 4
23 14 12 11
19 16 16 8
21 15 26 6
17 12 30 8
34 8 15 10
56 5 20 8
14 12 22 13
29 6 17 15
19 11 15 14
51 7 25 3
19 13 42 5
10 3 25 17
86 1 32 12
107 3 17 8
24 10 15 13
35 6 16 14
40 11 7 4
20 19 8 5
13 6 30 13
15 15 15 13
27 10 27 7
16 11 23 12
19 4 19 19
16 14 23 9
4 2 21 21
23 16 49 1
58 3 29 9
18 13 46 5
28 12 24 4
15 15 54 4
32 5 52 5
49 5 21 8
19 17 23 6
15 7 18 18
24 8 60 4
11 10 19 19
12 12 17 17
36 8 16 11
38 9 20 5
11 11 26 12
15 14 32 8
16 10 90 3
20 20 11 2
10 10 19 19
42 7 14 11
8 5 20 20
15 15 16 14
19 11 70 3
19 16 34 4
24 15 12 8
54 7 17 5
18 16 15 11
107 3 10 10
21 10 16 16
36 10 25 4
14 13 39 7
25 15 81 1
11 10 24 14
13 12 18 15
19 7 64 5
18 13 16 14
15 7 40 8
64 6 9 6
17 17 23 6
27 14 10 9
45 6 22 8
20 13 18 11
16 14 15 13
17 14 28 7
27 10 15 13
25 14 17 5
20 7 23 13
29 14 7 7
15 9 17 17
26 4 30 11
21 16 12 11
16 16 16 13
14 14 20 12
14 14 17 16
5 5 22 19
27 15 11 6
28 7 17 15
22 3 20 20
32 11 52 2
35 1 20 19
21 19 24 3
30 7 16 16
10 9 73 5
19 9 19 13
13 7 18 18
14 11 30 9
12 10 40 8
25 8 21 12
21 8 17 15
34 11 14 4
56 1 19 19
17 14 24 8
39 7 17 10
18 14 24 8
27 3 21 18
27 14 13 6
23 12 16 12
11 10 23 14
31 13 5 5
45 8 11 7
18 12 15 14
13 8 30 12
35 5 19 13
83 4 26 5
8 3 21 21
28 9 15 12
18 18 12 8
27 11 13 9
56 5 14 13
16 6 73 5
20 5 19 19
40 5 16 16
17 13 39 6
10 4 20 20
35 5 17 15
20 10 37 6
20 8 18 17
18 1 21 21
11 9 19 18
16 12 78 3
22 18 66 1
54 5 13 12
13 11 31 9
31 7 55 4
24 12 80 2
82 2 17 15
33 11 11 9
15 15 28 7
27 7 63 4
18 18 43 3
16 11 17 16
23 17 61 1
17 17 14 13
32 13 18 1
18 12 78 3
15 4 21 18
11 9 18 18
78 3 24 9
82 3 47 4
17 13 59 4
10 10 32 10
27 3 19 19
19 19 15 5
16 13 44 5
28 14 11 5
10 8 22 16
13 12 20 14
27 9 43 5
6 6 64 6
39 8 18 8
34 4 27 12
20 17 16 8
34 8 16 12
19 19 79 1
17 17 83 2
26 14 12 8
18 5 27 13
18 17 48 3
20 19 10 9
19 15 22 6
22 13 83 2
20 13 28 7
36 7 20 10
26 5 19 15
25 1 20 20
19 4 28 14
14 13 25 11
20 6 19 18
78 2 33 8
64 2 42 8
45 3 21 14
21 17 11 8
31 3 21 18
22 13 34 4
16 16 18 10
16 16 26 8
17 17 18 9
19 6 19 16
19 14 28 6
21 6 23 14
63 5 18 7
20 13 78 2
11 7 37 10
