9 8 15 5
11 3 31 4
13 9 9 5
10 8 9 8
9 7 12 7
12 12 4 4
11 9 64 1
11 5 26 4
15 7 22 2
10 7 16 5
11 9 13 5
9 8 25 3
55 1 12 9
44 3 14 2
25 4 13 4
7 1 31 5
13 5 91 1
8 5 14 8
15 8 31 1
64 1 10 10
14 8 9 4
20 6 9 5
17 7 10 4
10 8 21 4
2 2 13 12
15 3 11 10
24 3 11 8
13 8 8 7
10 8 12 6
18 7 13 3
9 6 11 9
20 5 14 4
10 8 9 9
10 8 11 7
5 5 26 5
17 6 7 7
9 4 11 11
80 1 9 8
9 5 29 4
10 10 60 1
37 2 15 6
72 2 4 3
9 9 9 9
46 2 8 8
16 6 8 7
3 3 25 6
22 6 8 2
13 7 9 8
4 4 23 6
7 7 10 10
11 11 7 4
12 12 20 1
13 3 11 11
10 9 37 2
7 7 11 10
25 3 42 2
16 7 9 4
16 8 7 5
90 1 11 6
43 3 20 1
16 6 21 3
13 9 8 5
24 4 13 5
8 8 11 8
11 6 24 4
40 2 26 3
11 11 10 4
19 1 12 12
19 6 12 4
13 9 6 5
9 4 21 6
8 4 60 2
21 3 11 8
19 6 21 2
19 7 23 1
13 3 16 7
11 6 13 7
11 3 14 9
17 5 24 3
10 9 25 3
74 1 13 7
10 9 12 6
12 12 4 2
5 4 16 8
27 3 10 7
25 5 33 1
11 5 51 2
27 2 19 5
25 4 8 8
22 1 12 11
11 11 6 5
13 10 6 4
5 5 22 6
7 2 50 3
12 8 8 7
11 11 12 3
11 11 37 1
11 5 21 5
17 8 24 1
13 9 30 1
17 3 14 7
93 1 9 8
20 5 7 7
11 11 14 3
7 5 13 10
14 6 9 9
10 9 10 7
11 8 11 7
23 3 43 2
46 2 24 3
7 4 12 10
30 3 9 8
11 11 11 4
22 2 19 6
14 7 10 5
64 1 11 8
22 4 19 4
10 9 63 1
36 3 10 5
48 2 32 2
47 1 13 9
13 6 11 7
7 6 12 10
15 7 11 5
30 5 10 1
48 1 10 10
12 9 18 3
20 1 18 8
15 9 8 2
13 7 35 2
37 2 25 3
12 10 9 3
10 8 10 7
10 10 62 1
21 3 84 1
5 3 12 12
10 10 17 3
32 1 40 3
21 4 70 1
12 6 41 2
11 11 8 5
11 11 7 5
10 8 15 5
37 1 25 5
16 2 25 5
13 11 9 2
14 4 10 10
9 9 34 2
58 2 38 1
16 7 10 4
35 3 8 7
12 5 10 9
14 9 8 3
92 1 15 4
32 4 5 4
15 5 10 9
19 6 11 4
29 2 47 2
13 6 28 3
13 3 15 8
16 8 26 1
20 2 12 9
14 2 43 3
22 5 9 6
45 3 5 3
10 10 11 5
28 2 12 9
9 8 9 9
29 3 9 7
22 4 8 8
12 9 48 1
13 9 31 1
5 1 13 12
10 7 11 8
8 8 12 8
33 3 26 2
9 9 41 2
34 3 16 3
24 6 5 2
70 1 9 9
17 7 8 5
11 4 12 10
15 7 28 2
11 9 19 3
10 7 9 9
11 6 45 2
11 5 12 8
12 8 62 1
13 10 21 1
5 3 17 8
21 4 13 6
8 6 28 4
16 4 10 10
52 1 10 10
13 9 11 3
78 2 3 3
14 5 9 9
47 3 20 1
4 3 12 12
9 7 22 4
10 5 10 10
11 10 18 3
20 5 12 5
20 1 16 8
55 1 10 10
23 4 18 4
31 1 11 11
91 1 8 8
10 8 16 5
32 1 23 5
5 2 12 12
7 6 11 11
25 5 7 5
8 1 13 12
13 8 8 6
10 8 10 8
22 3 9 9
32 2 12 7
10 9 36 2
11 9 8 7
90 1 12 6
87 1 10 7
5 4 12 11
18 6 45 1
13 9 45 1
19 6 10 5
16 3 20 5
21 2 13 9
25 3 12 6
17 7 10 3
14 10 21 1
16 7 15 3
11 10 10 5
14 8 37 1
9 6 26 4
13 5 14 7
9 8 11 7
4 2 20 7
12 5 21 5
10 9 9 8
18 6 8 5
6 5 15 8
3 2 12 12
10 9 33 2
5 5 20 7
14 8 8 6
10 3 11 11
11 11 6 6
13 9 43 1
9 9 13 6
42 3 25 1
8 6 11 10
36 1 11 11
20 6 22 2
10 8 26 3
8 7 14 7
16 5 17 4
12 11 4 4
15 6 8 8
11 6 14 7
14 9 35 1
6 5 45 3
10 10 10 6
9 5 13 8
25 2 27 4
28 3 68 1
6 2 17 8
11 7 18 4
12 12 7 1
9 3 12 11
10 3 42 3
6 5 17 7
20 5 11 5
12 6 17 5
11 7 19 4
17 3 19 6
16 3 10 10
10 10 12 4
17 6 9 7
18 3 15 7
10 6 10 9
23 3 19 5
12 11 6 5
14 9 7 4
9 5 12 10
30 4 15 2
14 6 8 8
11 4 12 9
12 12 2 2
31 4 36 1
11 7 15 5
31 3 10 6
17 5 11 7
81 1 11 7
28 3 66 1
13 6 10 7
13 10 27 1
19 3 52 2
33 4 6 4
10 2 12 12
